0
10

1 2 0.000 1.39256 1
11 1.23944 2 2 6

2 1 0.000 3.52217 4
21 0.90627 2 3 6
22 1.32537 2 2 9
23 0.53948 2 3 10
24 0.48101 2 3 8

3 1 0.000 1.76936 1
31 1.04873 2 5 8

4 2 0.000 2.33863 5
41 0.35781 2 3 9
42 0.58525 2 5 7
43 0.90341 2 1 10
44 0.74504 2 1 6
45 0.46044 2 4 6

5 1 0.000 2.35973 1
51 1.31828 2 3 7

6 2 0.000 3.67447 4
61 1.10535 2 2 6
62 0.85361 2 3 8
63 0.86131 2 1 9
64 0.89068 2 2 10

7 2 0.000 1.00476 1
71 0.82863 2 2 6

8 1 0.000 2.68415 5
81 0.76620 2 3 9
82 0.31147 2 5 6
83 0.85024 2 2 8
84 1.01644 2 5 9
85 1.24010 2 2 10

9 2 0.000 1.38334 1
91 0.83763 2 2 9

10 2 0.000 2.10506 5
101 0.97251 2 3 6
102 0.59343 2 4 8
103 1.31000 2 2 8
104 0.67518 2 1 10
105 0.70942 2 4 9

10
1 1
2 1
3 1
4 1
5 1
6 1
7 1
8 1
9 1
10 1
