0
10

1 1 0.000 2.40547 1
11 1.21644 2 2 6

2 1 0.000 1.82946 4
21 0.67543 2 3 6
22 0.72701 2 5 8
23 0.23310 2 1 7
24 0.80341 2 3 7

3 1 0.000 3.61346 5
31 0.93386 2 4 6
32 1.07051 2 2 8
33 0.84426 2 4 10
34 0.97252 2 1 8
35 0.68317 2 3 7

4 2 0.000 4.12782 5
41 0.94769 2 1 9
42 0.46603 2 2 6
43 1.06418 2 2 7
44 0.97028 2 2 8
45 1.01049 2 5 8

5 1 0.000 2.33603 1
51 1.25486 2 1 9

6 1 0.000 0.81309 1
61 0.73328 2 5 8

7 1 0.000 4.61039 5
71 0.45041 2 3 7
72 1.11890 2 1 9
73 0.91980 2 3 9
74 1.16500 2 5 9
75 0.58140 2 2 8

8 1 0.000 1.92130 1
81 1.12133 2 4 6

9 1 0.000 1.69729 1
91 0.95049 2 5 9

10 1 0.000 6.05918 5
101 1.11685 2 3 6
102 0.41426 2 3 8
103 0.63254 2 4 8
104 0.78317 2 3 7
105 1.08820 2 3 9

10
1 1
2 1
3 1
4 1
5 1
6 1
7 1
8 1
9 1
10 1
