0
10

1 2 0.000 1.37330 1
11 1.23708 2 3 9

2 2 0.000 5.32925 4
21 0.82150 2 3 8
22 1.17285 2 2 6
23 0.92719 2 5 6
24 0.89123 2 4 6

3 1 0.000 1.09205 1
31 0.85544 2 4 7

4 1 0.000 2.32373 4
41 0.60099 2 1 8
42 0.65626 2 1 6
43 0.99853 2 2 8
44 0.49769 2 5 9

5 1 0.000 1.63598 1
51 0.88514 2 1 6

6 2 0.000 4.66222 5
61 0.88350 2 2 10
62 0.65805 2 2 8
63 0.90307 2 2 6
64 0.70405 2 1 10
65 0.79564 2 4 9

7 1 0.000 5.14953 5
71 1.03144 2 2 8
72 0.85346 2 5 7
73 1.06815 2 2 6
74 0.72959 2 5 6
75 1.11360 2 5 10

8 1 0.000 1.37401 1
81 0.94878 2 2 9

9 1 0.000 1.68929 1
91 0.92881 2 5 10

10 1 0.000 2.55390 4
101 0.57689 2 4 8
102 0.75300 2 3 8
103 0.82360 2 3 7
104 0.95912 2 2 7

10
1 1
2 1
3 1
4 1
5 1
6 1
7 1
8 1
9 1
10 1
