0
10

1 1 0.000 1.37956 1
11 1.19603 2 3 8

2 1 0.000 3.15670 5
21 0.45108 2 1 10
22 1.19556 2 2 9
23 0.75862 2 3 9
24 1.00798 2 5 6
25 0.92155 2 5 7

3 1 0.000 2.35107 5
31 0.78912 2 4 10
32 0.85166 2 3 6
33 0.76456 2 5 10
34 0.76399 2 4 9
35 0.61190 2 5 9

4 1 0.000 2.18254 1
41 1.09716 2 4 9

5 1 0.000 3.68440 5
51 1.14122 2 5 7
52 0.50251 2 1 7
53 0.98523 2 2 7
54 0.81905 2 2 8
55 0.77361 2 3 7

6 1 0.000 2.28721 1
61 1.33640 2 5 7

7 2 0.000 2.52475 5
71 0.91279 2 1 8
72 1.06013 2 3 8
73 0.61761 2 5 7
74 0.92294 2 3 9
75 0.89013 2 5 9

8 1 0.000 3.22658 5
81 0.84814 2 2 7
82 0.83709 2 5 6
83 0.83527 2 1 8
84 0.78211 2 1 9
85 0.75067 2 2 10

9 2 0.000 2.76086 5
91 0.84041 2 3 8
92 0.71586 2 5 10
93 1.10819 2 3 9
94 1.19753 2 4 8
95 0.76736 2 2 9

10 2 0.000 1.65558 4
101 1.01331 2 4 10
102 0.81912 2 1 9
103 0.78366 2 2 7
104 0.70168 2 3 9

10
1 1
2 1
3 1
4 1
5 1
6 1
7 1
8 1
9 1
10 1
