0
10

1 1 0.000 1.22985 1
11 0.71810 2 1 9

2 1 0.000 2.74101 4
21 0.47294 2 3 9
22 0.74427 2 1 7
23 1.16309 2 3 10
24 0.82479 2 5 6

3 1 0.000 1.84915 1
31 1.09799 2 5 9

4 1 0.000 1.47575 1
41 1.27100 2 5 7

5 2 0.000 2.94463 4
51 0.64634 2 1 8
52 0.81001 2 4 6
53 0.61195 2 1 7
54 0.77080 2 2 6

6 1 0.000 1.12714 1
61 0.75138 2 4 7

7 1 0.000 1.35415 1
71 1.01905 2 2 8

8 1 0.000 2.40484 1
81 1.23530 2 5 9

9 2 0.000 1.79754 4
91 0.95152 2 1 10
92 0.67173 2 5 8
93 0.75678 2 3 7
94 0.85746 2 5 7

10 2 0.000 2.45528 5
101 0.90004 2 5 10
102 0.98412 2 1 9
103 0.87927 2 2 6
104 0.70209 2 1 10
105 0.93091 2 3 7

10
1 1
2 1
3 1
4 1
5 1
6 1
7 1
8 1
9 1
10 1
