0
10

1 2 0.000 0.76895 1
11 0.68522 2 5 9

2 2 0.000 1.90283 4
21 0.88121 2 3 10
22 0.55216 2 2 7
23 0.72174 2 5 8
24 0.59125 2 2 9

3 2 0.000 1.74860 5
31 0.71140 2 3 6
32 0.88531 2 2 6
33 0.62200 2 1 10
34 0.66133 2 4 9
35 0.66301 2 4 10

4 1 0.000 1.06707 1
41 1.02488 2 4 8

5 2 0.000 1.69399 1
51 0.94462 2 5 7

6 1 0.000 1.85498 4
61 0.79390 2 2 10
62 0.90149 2 3 9
63 0.58490 2 2 9
64 0.83288 2 4 8

7 1 0.000 1.00584 1
71 0.89615 2 5 7

8 1 0.000 1.90800 1
81 1.03197 2 3 10

9 2 0.000 0.64897 1
91 0.60078 2 4 10

10 2 0.000 1.55631 1
101 0.85871 2 4 8

10
1 1
2 1
3 1
4 1
5 1
6 1
7 1
8 1
9 1
10 1
