0
10

1 1 0.000 1.88800 1
11 1.12195 2 5 9

2 2 0.000 2.83529 5
21 0.83801 2 4 10
22 1.06403 2 2 10
23 0.91402 2 3 8
24 0.83221 2 3 7
25 0.92801 2 4 6

3 1 0.000 3.02697 5
31 0.77525 2 1 10
32 0.90838 2 2 9
33 1.01441 2 3 9
34 0.53007 2 4 10
35 0.76949 2 5 8

4 1 0.000 1.66064 1
41 1.00963 2 3 6

5 2 0.000 3.24394 4
51 0.94846 2 2 8
52 0.82978 2 3 10
53 0.65257 2 5 8
54 0.72993 2 2 6

6 1 0.000 1.26992 1
61 1.21329 2 4 9

7 2 0.000 1.54391 1
71 1.24831 2 4 10

8 2 0.000 1.30336 1
81 0.80477 2 2 8

9 2 0.000 2.81885 4
91 0.83648 2 4 8
92 0.97404 2 2 9
93 0.88125 2 1 6
94 0.61089 2 4 7

10 1 0.000 1.59067 1
101 0.98382 2 1 9

10
1 1
2 1
3 1
4 1
5 1
6 1
7 1
8 1
9 1
10 1
