0
10

1 1 0.000 2.11392 1
11 1.24117 2 3 9

2 1 0.000 4.17590 5
21 0.68268 2 1 7
22 1.08832 2 1 6
23 0.49104 2 5 10
24 0.81628 2 5 6
25 0.99209 2 2 6

3 2 0.000 2.13492 1
31 1.12971 2 2 7

4 2 0.000 1.08136 1
41 0.72700 2 1 9

5 1 0.000 2.93186 4
51 1.00666 2 5 7
52 0.87799 2 1 10
53 0.88976 2 4 8
54 0.73063 2 5 6

6 2 0.000 2.09215 5
61 0.82112 2 5 7
62 0.95925 2 3 8
63 0.76396 2 3 9
64 1.15526 2 5 10
65 0.91512 2 1 10

7 1 0.000 2.06243 1
71 1.18464 2 5 9

8 1 0.000 2.28615 5
81 0.58557 2 4 9
82 1.33472 2 1 6
83 0.64970 2 2 8
84 0.83783 2 2 9
85 0.70480 2 5 7

9 1 0.000 1.36871 1
91 1.05610 2 1 10

10 2 0.000 1.45675 1
101 1.15063 2 1 8

10
1 1
2 1
3 1
4 1
5 1
6 1
7 1
8 1
9 1
10 1
