0
10

1 2 0.000 1.76634 1
11 1.12584 2 4 7

2 1 0.000 2.66851 4
21 0.80087 2 4 9
22 0.89902 2 5 10
23 1.10505 2 2 9
24 0.57627 2 2 10

3 2 0.000 1.05590 1
31 0.80671 2 4 8

4 1 0.000 3.48793 5
41 0.80325 2 3 9
42 0.62488 2 2 10
43 0.66341 2 3 7
44 0.97623 2 1 6
45 0.83249 2 5 6

5 1 0.000 2.56564 5
51 1.16064 2 5 6
52 0.74161 2 3 9
53 0.72598 2 5 9
54 0.69678 2 4 8
55 1.33587 2 3 7

6 1 0.000 1.67884 1
61 0.88273 2 4 10

7 1 0.000 1.58894 1
71 0.86173 2 1 10

8 1 0.000 3.24647 4
81 1.03797 2 5 7
82 0.75003 2 1 9
83 1.18866 2 3 8
84 0.80555 2 3 10

9 1 0.000 1.10914 1
91 0.59693 2 3 6

10 1 0.000 2.33740 4
101 0.84109 2 1 8
102 0.75812 2 2 8
103 0.63264 2 5 7
104 0.65549 2 3 6

10
1 1
2 1
3 1
4 1
5 1
6 1
7 1
8 1
9 1
10 1
