0
10

1 2 0.000 1.60730 1
11 1.12659 2 1 7

2 1 0.000 4.42148 5
21 0.53450 2 2 8
22 0.98858 2 2 6
23 0.47905 2 4 8
24 0.78546 2 2 7
25 0.52064 2 1 8

3 1 0.000 1.06806 1
31 0.74910 2 2 9

4 1 0.000 2.25427 1
41 1.24601 2 4 9

5 1 0.000 1.59066 1
51 1.50081 2 2 6

6 1 0.000 1.14495 1
61 1.05199 2 5 9

7 1 0.000 2.21918 5
71 0.66115 2 4 8
72 0.57175 2 4 7
73 0.48649 2 1 7
74 0.40452 2 4 10
75 0.71363 2 1 10

8 1 0.000 1.72984 5
81 0.73863 2 3 10
82 0.86685 2 4 9
83 0.64039 2 4 8
84 0.63291 2 2 8
85 0.76769 2 5 10

9 1 0.000 4.00966 5
91 0.86376 2 2 8
92 0.65780 2 3 6
93 0.61650 2 2 7
94 0.88920 2 2 10
95 0.81892 2 5 10

10 1 0.000 3.69076 4
101 0.76805 2 2 8
102 0.82810 2 2 9
103 0.47117 2 2 10
104 0.46427 2 3 6

10
1 1
2 1
3 1
4 1
5 1
6 1
7 1
8 1
9 1
10 1
