0
10

1 2 0.000 1.31790 1
11 0.93873 2 3 8

2 1 0.000 4.40653 4
21 0.80333 2 1 10
22 0.68890 2 1 9
23 1.11763 2 1 8
24 0.64950 2 5 7

3 1 0.000 2.23470 1
31 1.13632 2 5 6

4 1 0.000 2.55558 4
41 0.72395 2 2 6
42 0.83736 2 1 9
43 0.74069 2 2 10
44 0.31068 2 2 7

5 1 0.000 2.10746 4
51 1.05696 2 2 6
52 0.59051 2 3 8
53 0.88413 2 5 7
54 0.66614 2 5 6

6 1 0.000 1.59597 1
61 0.94883 2 4 7

7 1 0.000 1.21445 1
71 1.01019 2 2 8

8 1 0.000 4.89532 5
81 0.74243 2 2 6
82 1.20157 2 3 6
83 0.85299 2 2 8
84 0.69196 2 5 6
85 0.74214 2 2 7

9 2 0.000 1.86525 1
91 0.94715 2 2 7

10 2 0.000 1.14943 1
101 1.03326 2 4 9

10
1 1
2 1
3 1
4 1
5 1
6 1
7 1
8 1
9 1
10 1
