0
10

1 2 0.000 1.22708 1
11 0.68108 2 4 7

2 1 0.000 2.88582 4
21 0.99593 2 4 7
22 1.00959 2 3 10
23 0.77019 2 4 6
24 0.96608 2 2 6

3 1 0.000 2.21582 1
31 1.17667 2 4 9

4 1 0.000 1.79522 1
41 1.11120 2 2 10

5 2 0.000 0.84338 1
51 0.80757 2 1 6

6 1 0.000 2.33312 1
61 1.33637 2 4 9

7 2 0.000 5.64734 5
71 1.05293 2 4 10
72 1.18835 2 5 7
73 0.82984 2 5 8
74 0.96522 2 5 10
75 0.66222 2 3 6

8 2 0.000 1.07417 1
81 0.81056 2 1 8

9 1 0.000 1.02342 1
91 0.60966 2 4 7

10 1 0.000 2.50408 1
101 1.32780 2 4 8

10
1 1
2 1
3 1
4 1
5 1
6 1
7 1
8 1
9 1
10 1
