0
10

1 2 0.000 1.56545 1
11 0.82208 2 4 8

2 1 0.000 2.97671 4
21 0.73232 2 5 10
22 0.70292 2 3 6
23 0.71634 2 3 9
24 0.84318 2 4 9

3 1 0.000 1.47953 1
31 0.88656 2 2 9

4 1 0.000 1.52440 1
41 1.13636 2 1 7

5 1 0.000 2.16410 5
51 0.73487 2 4 6
52 0.97840 2 4 7
53 0.71820 2 1 8
54 0.72559 2 5 6
55 0.80725 2 3 7

6 2 0.000 0.84773 1
61 0.69267 2 2 9

7 2 0.000 1.97394 1
71 1.04047 2 1 9

8 1 0.000 1.63193 1
81 0.87313 2 4 8

9 1 0.000 1.12042 1
91 0.86371 2 3 9

10 2 0.000 3.15571 4
101 0.71479 2 4 6
102 0.59976 2 3 7
103 0.79448 2 3 9
104 0.91949 2 4 8

10
1 1
2 1
3 1
4 1
5 1
6 1
7 1
8 1
9 1
10 1
