0
10

1 2 0.000 1.35007 1
11 0.84578 2 3 6

2 2 0.000 2.28678 5
21 0.59832 2 1 6
22 0.84725 2 3 7
23 1.23814 2 5 10
24 0.35969 2 4 10
25 0.81357 2 1 9

3 1 0.000 1.41713 1
31 0.88993 2 4 10

4 1 0.000 3.13697 5
41 0.72095 2 5 6
42 0.74737 2 1 7
43 0.90912 2 1 9
44 0.58500 2 3 8
45 0.72481 2 2 9

5 2 0.000 1.19324 1
51 0.76784 2 4 7

6 1 0.000 1.76458 1
61 1.18201 2 3 8

7 1 0.000 2.17500 5
71 0.70992 2 5 7
72 1.05560 2 2 9
73 0.58747 2 3 6
74 0.46298 2 3 8
75 0.93872 2 5 10

8 2 0.000 1.00981 1
81 0.79930 2 1 7

9 2 0.000 3.54884 5
91 0.73435 2 2 10
92 0.66514 2 2 7
93 0.78152 2 1 10
94 0.88411 2 1 9
95 0.63540 2 1 7

10 1 0.000 1.81777 5
101 0.79527 2 4 10
102 0.89275 2 1 9
103 0.50428 2 2 10
104 0.71671 2 4 7
105 0.78685 2 2 9

10
1 1
2 1
3 1
4 1
5 1
6 1
7 1
8 1
9 1
10 1
