0
10

1 1 0.000 1.75816 1
11 1.00373 2 5 10

2 2 0.000 2.48760 4
21 0.78953 2 5 6
22 0.56662 2 1 6
23 0.99131 2 3 10
24 0.47956 2 1 8

3 1 0.000 1.04227 1
31 0.75640 2 4 6

4 2 0.000 1.92543 4
41 1.00530 2 4 7
42 0.74022 2 1 8
43 0.82776 2 3 9
44 0.72689 2 2 9

5 1 0.000 2.57276 5
51 0.52008 2 1 6
52 0.89075 2 3 6
53 0.96452 2 2 10
54 0.78645 2 3 7
55 1.13904 2 2 8

6 1 0.000 1.25875 1
61 0.84569 2 1 8

7 1 0.000 2.62291 4
71 1.06477 2 4 6
72 0.97498 2 3 7
73 0.86753 2 1 9
74 0.58970 2 2 7

8 1 0.000 1.49031 1
81 1.01029 2 5 7

9 1 0.000 4.93409 4
91 1.00508 2 2 9
92 0.71044 2 5 9
93 0.92342 2 2 10
94 0.78350 2 4 9

10 1 0.000 1.82232 1
101 1.09028 2 4 6

10
1 1
2 1
3 1
4 1
5 1
6 1
7 1
8 1
9 1
10 1
