0
10

1 1 0.000 1.96387 1
11 1.10582 2 2 7

2 1 0.000 3.34253 4
21 0.75841 2 4 9
22 1.00405 2 5 6
23 0.98274 2 2 7
24 0.81970 2 2 10

3 1 0.000 1.05879 1
31 0.87476 2 5 8

4 1 0.000 3.01957 5
41 0.50567 2 5 9
42 1.25036 2 2 10
43 0.61143 2 2 6
44 0.49201 2 4 8
45 0.94282 2 2 9

5 1 0.000 2.94438 4
51 1.10148 2 4 7
52 0.86366 2 2 9
53 0.54442 2 4 10
54 0.57789 2 1 6

6 1 0.000 2.01132 1
61 1.29972 2 3 8

7 2 0.000 2.49440 4
71 0.77204 2 1 8
72 0.37951 2 2 6
73 0.62441 2 1 10
74 0.75170 2 3 9

8 1 0.000 1.66710 1
81 0.86826 2 5 6

9 1 0.000 2.42207 4
91 0.85181 2 2 6
92 0.91797 2 3 9
93 0.67154 2 3 8
94 0.78365 2 2 10

10 1 0.000 0.76514 1
101 0.52423 2 3 6

10
1 1
2 1
3 1
4 1
5 1
6 1
7 1
8 1
9 1
10 1
