0
10

1 1 0.000 1.12849 1
11 1.03745 2 3 7

2 1 0.000 2.36772 5
21 0.74094 2 1 6
22 0.95893 2 1 7
23 0.86899 2 5 9
24 0.95772 2 5 10
25 0.80984 2 4 6

3 1 0.000 1.27902 1
31 1.09989 2 5 9

4 1 0.000 2.52273 5
41 0.61139 2 5 9
42 0.52103 2 4 8
43 0.92783 2 3 7
44 0.70800 2 5 10
45 0.66827 2 1 7

5 1 0.000 0.88073 1
51 0.76210 2 3 7

6 2 0.000 1.68926 1
61 0.97084 2 2 10

7 2 0.000 1.03623 1
71 0.85998 2 3 7

8 1 0.000 1.22134 1
81 1.19657 2 4 9

9 1 0.000 1.26250 1
91 1.06916 2 3 7

10 1 0.000 1.88029 1
101 1.07326 2 2 10

10
1 1
2 1
3 1
4 1
5 1
6 1
7 1
8 1
9 1
10 1
