0
10

1 1 0.000 1.61367 1
11 0.87908 2 1 8

2 2 0.000 2.53798 4
21 0.51409 2 5 8
22 0.90802 2 3 8
23 0.71614 2 2 10
24 0.98491 2 1 7

3 1 0.000 0.83233 1
31 0.72677 2 5 8

4 1 0.000 3.01157 5
41 0.58101 2 1 9
42 0.99056 2 5 6
43 0.74191 2 5 8
44 0.87365 2 5 9
45 0.94465 2 3 6

5 2 0.000 0.91223 1
51 0.49940 2 3 6

6 1 0.000 2.98770 4
61 0.82033 2 1 7
62 0.90779 2 5 9
63 1.04564 2 2 9
64 0.58148 2 4 7

7 1 0.000 2.25428 5
71 0.81377 2 2 6
72 0.58984 2 1 10
73 0.96376 2 4 10
74 0.42832 2 3 8
75 0.49255 2 3 6

8 1 0.000 1.59702 1
81 1.02144 2 5 9

9 2 0.000 1.60813 1
91 1.14032 2 1 6

10 1 0.000 1.52595 1
101 1.51423 2 4 9

10
1 1
2 1
3 1
4 1
5 1
6 1
7 1
8 1
9 1
10 1
