0
10

1 2 0.000 1.29338 1
11 1.08298 2 1 8

2 2 0.000 2.15715 5
21 0.80478 2 3 6
22 0.56648 2 2 8
23 0.94024 2 4 10
24 0.84260 2 4 8
25 0.70534 2 5 9

3 1 0.000 1.48055 1
31 1.13104 2 2 7

4 2 0.000 3.08182 4
41 0.61135 2 3 10
42 0.69272 2 4 10
43 0.41962 2 3 8
44 0.64229 2 1 10

5 2 0.000 2.50578 4
51 0.90739 2 3 9
52 1.30202 2 2 7
53 1.24110 2 5 8
54 0.61072 2 1 7

6 1 0.000 3.55027 5
61 1.04444 2 1 7
62 0.78911 2 3 10
63 0.51704 2 3 6
64 1.01912 2 3 8
65 0.49626 2 2 6

7 1 0.000 2.64117 5
71 0.84630 2 1 8
72 0.93609 2 3 10
73 0.81364 2 2 7
74 0.57898 2 2 6
75 0.88307 2 1 7

8 2 0.000 4.98699 5
81 0.61834 2 4 6
82 0.87178 2 3 9
83 0.92608 2 2 6
84 1.04004 2 3 6
85 1.04298 2 1 8

9 1 0.000 1.17247 1
91 1.07629 2 1 6

10 1 0.000 1.03280 1
101 0.92054 2 3 10

10
1 1
2 1
3 1
4 1
5 1
6 1
7 1
8 1
9 1
10 1
