0
10

1 1 0.000 1.57000 1
11 1.22297 2 4 10

2 1 0.000 2.80262 5
21 1.05716 2 5 10
22 0.65884 2 2 8
23 0.67231 2 5 7
24 0.89338 2 3 6
25 0.62414 2 5 9

3 1 0.000 1.21200 1
31 0.78199 2 2 7

4 2 0.000 2.40557 5
41 0.70842 2 5 9
42 0.93452 2 1 7
43 0.63022 2 3 10
44 0.64605 2 3 7
45 0.69139 2 5 6

5 1 0.000 1.18692 1
51 1.03306 2 3 7

6 1 0.000 1.66893 1
61 0.98841 2 2 10

7 1 0.000 1.56999 1
71 0.82178 2 1 6

8 1 0.000 1.25795 1
81 0.84919 2 3 10

9 2 0.000 1.83560 1
91 1.16528 2 3 9

10 1 0.000 1.45722 1
101 0.93477 2 4 9

10
1 1
2 1
3 1
4 1
5 1
6 1
7 1
8 1
9 1
10 1
