0
10

1 1 0.000 1.49529 1
11 0.88022 2 2 8

2 2 0.000 1.69928 4
21 0.85723 2 5 9
22 0.50308 2 1 6
23 0.75765 2 4 8
24 0.82487 2 5 6

3 2 0.000 2.85689 5
31 0.81301 2 3 9
32 0.93620 2 4 10
33 1.04210 2 5 9
34 0.76059 2 5 7
35 0.96559 2 2 8

4 1 0.000 1.44291 1
41 1.14268 2 3 10

5 2 0.000 1.13590 1
51 0.87513 2 2 6

6 2 0.000 1.81908 4
61 0.77112 2 4 8
62 0.58904 2 5 9
63 0.94596 2 2 8
64 0.87249 2 5 10

7 2 0.000 1.40430 4
71 0.78432 2 3 10
72 0.73636 2 1 9
73 0.54561 2 1 7
74 0.61046 2 5 8

8 1 0.000 2.41794 1
81 1.35942 2 2 9

9 2 0.000 2.41470 1
91 1.39635 2 1 10

10 2 0.000 0.86879 1
101 0.79919 2 2 9

10
1 1
2 1
3 1
4 1
5 1
6 1
7 1
8 1
9 1
10 1
