0
10

1 1 0.000 1.19418 1
11 0.76779 2 2 9

2 1 0.000 3.52149 5
21 0.75481 2 3 8
22 0.78902 2 2 9
23 0.82758 2 5 9
24 0.64516 2 2 10
25 0.67674 2 1 9

3 1 0.000 2.37761 4
31 0.77236 2 2 6
32 0.66794 2 3 9
33 0.55411 2 1 9
34 0.40076 2 2 9

4 1 0.000 1.69557 1
41 0.95911 2 3 8

5 2 0.000 2.56702 1
51 1.36041 2 2 9

6 2 0.000 1.86772 1
61 1.02072 2 3 9

7 1 0.000 1.44532 1
71 0.73785 2 2 9

8 1 0.000 2.85367 4
81 0.72318 2 4 6
82 0.58451 2 3 7
83 0.76814 2 2 9
84 0.90873 2 3 10

9 1 0.000 1.03215 1
91 0.92183 2 3 9

10 1 0.000 1.00837 1
101 0.90479 2 3 9

10
1 1
2 1
3 1
4 1
5 1
6 1
7 1
8 1
9 1
10 1
