0
10

1 2 0.000 1.42771 1
11 0.94057 2 3 7

2 1 0.000 3.94785 5
21 0.64419 2 1 8
22 0.89980 2 3 10
23 0.95507 2 4 8
24 1.19268 2 3 6
25 0.77095 2 4 9

3 1 0.000 1.22049 1
31 0.99376 2 2 10

4 1 0.000 1.18739 1
41 0.92261 2 3 10

5 2 0.000 2.18858 4
51 0.99868 2 2 10
52 0.56080 2 5 6
53 0.55905 2 5 7
54 1.03276 2 3 8

6 1 0.000 1.08177 1
61 0.73763 2 2 6

7 1 0.000 1.41883 1
71 0.71359 2 2 6

8 1 0.000 1.55057 1
81 0.94182 2 5 8

9 1 0.000 1.22259 1
91 0.94570 2 3 10

10 1 0.000 1.38171 1
101 0.77022 2 5 6

10
1 1
2 1
3 1
4 1
5 1
6 1
7 1
8 1
9 1
10 1
