0
10

1 1 0.000 2.26014 1
11 1.26134 2 5 7

2 1 0.000 2.67478 5
21 0.68220 2 5 6
22 0.81000 2 5 10
23 0.59771 2 2 8
24 0.71734 2 1 10
25 0.91524 2 2 10

3 2 0.000 2.26704 1
31 1.24548 2 3 7

4 2 0.000 1.20551 1
41 1.03722 2 1 6

5 2 0.000 1.51181 1
51 0.94531 2 4 6

6 1 0.000 0.95154 1
61 0.72561 2 2 6

7 1 0.000 1.19740 1
71 0.78112 2 2 7

8 1 0.000 0.99423 1
81 0.67785 2 2 10

9 1 0.000 2.04854 1
91 1.07885 2 3 9

10 2 0.000 1.52477 1
101 1.25208 2 3 10

10
1 1
2 1
3 1
4 1
5 1
6 1
7 1
8 1
9 1
10 1
