0
10

1 1 0.000 2.04638 1
11 1.11029 2 3 6

2 1 0.000 4.69374 5
21 0.99393 2 5 9
22 0.51484 2 5 6
23 0.94573 2 1 7
24 1.11468 2 5 10
25 0.87474 2 1 6

3 1 0.000 2.13500 1
31 1.29300 2 4 7

4 2 0.000 1.38558 1
41 1.11531 2 4 9

5 1 0.000 3.29615 5
51 0.89607 2 5 7
52 1.06311 2 2 8
53 0.68599 2 5 8
54 0.38395 2 1 7
55 0.90230 2 2 7

6 2 0.000 1.15763 1
61 0.87324 2 2 8

7 1 0.000 1.78707 1
71 1.14181 2 1 8

8 2 0.000 3.56943 4
81 0.92608 2 2 8
82 1.12202 2 2 9
83 0.78375 2 5 6
84 0.73576 2 3 8

9 1 0.000 2.26526 4
91 0.64902 2 3 7
92 1.15806 2 4 8
93 0.77066 2 3 6
94 0.78120 2 2 9

10 2 0.000 2.45217 5
101 0.89665 2 4 8
102 0.66693 2 3 6
103 0.52335 2 2 10
104 0.93577 2 5 9
105 1.07583 2 1 9

10
1 1
2 1
3 1
4 1
5 1
6 1
7 1
8 1
9 1
10 1
