0
10

1 1 0.000 1.80518 1
11 0.99938 2 2 9

2 1 0.000 3.70220 4
21 1.10696 2 1 9
22 0.65259 2 3 8
23 1.18453 2 1 10
24 1.12045 2 2 6

3 1 0.000 1.45582 1
31 1.25446 2 1 10

4 1 0.000 3.70742 4
41 0.83487 2 2 8
42 0.73947 2 4 8
43 0.43735 2 1 7
44 0.68969 2 1 8

5 1 0.000 2.16190 5
51 0.83785 2 5 8
52 0.84837 2 4 9
53 0.45561 2 3 8
54 0.87285 2 2 10
55 0.67623 2 2 7

6 1 0.000 2.02901 1
61 1.23427 2 1 7

7 1 0.000 1.49069 1
71 0.78889 2 5 10

8 1 0.000 1.92653 5
81 0.83909 2 1 9
82 0.60309 2 3 7
83 0.36606 2 5 6
84 0.50075 2 2 8
85 0.88215 2 4 8

9 2 0.000 1.65593 1
91 1.08668 2 3 7

10 2 0.000 2.72613 5
101 0.70807 2 2 9
102 0.78769 2 3 6
103 0.90761 2 1 9
104 1.00070 2 4 9
105 0.65015 2 4 10

10
1 1
2 1
3 1
4 1
5 1
6 1
7 1
8 1
9 1
10 1
