0
10

1 1 0.000 1.15658 1
11 0.93333 2 5 7

2 1 0.000 1.62311 4
21 0.86827 2 1 7
22 0.74638 2 1 10
23 0.42609 2 5 7
24 0.74044 2 2 8

3 2 0.000 1.66233 1
31 1.01141 2 4 7

4 2 0.000 1.01997 1
41 0.96714 2 3 6

5 1 0.000 1.21982 1
51 0.93702 2 4 7

6 2 0.000 2.33029 1
61 1.31189 2 5 9

7 1 0.000 2.87142 5
71 0.71421 2 1 8
72 0.87873 2 5 7
73 0.95723 2 2 9
74 1.17824 2 2 6
75 0.71685 2 1 7

8 1 0.000 1.64011 1
81 0.87388 2 1 9

9 1 0.000 1.17574 1
91 0.92941 2 4 8

10 1 0.000 2.21651 4
101 0.57812 2 4 10
102 0.70161 2 4 9
103 0.74873 2 1 6
104 1.04086 2 2 8

10
1 1
2 1
3 1
4 1
5 1
6 1
7 1
8 1
9 1
10 1
