0
10

1 2 0.000 1.62431 1
11 0.84651 2 5 10

2 2 0.000 2.25603 5
21 0.78191 2 3 8
22 0.56990 2 4 8
23 0.77113 2 2 7
24 0.89338 2 2 9
25 0.44782 2 5 7

3 1 0.000 1.89777 1
31 1.00556 2 3 6

4 2 0.000 3.74082 5
41 0.82053 2 5 8
42 0.77766 2 2 8
43 0.72923 2 4 9
44 0.88135 2 1 8
45 0.70814 2 5 6

5 2 0.000 1.41564 1
51 1.07878 2 4 7

6 2 0.000 1.76594 1
61 1.34557 2 5 9

7 1 0.000 1.94143 4
71 0.54329 2 5 9
72 0.90732 2 5 8
73 0.76594 2 1 8
74 0.74019 2 4 6

8 2 0.000 3.46070 5
81 0.72655 2 4 10
82 0.77384 2 2 6
83 0.86173 2 3 7
84 1.21657 2 5 10
85 1.00047 2 5 8

9 1 0.000 0.96847 1
91 0.93194 2 5 6

10 1 0.000 2.42061 5
101 0.96031 2 2 9
102 0.79216 2 1 10
103 0.91705 2 1 8
104 0.90127 2 5 8
105 1.08471 2 3 10

10
1 1
2 1
3 1
4 1
5 1
6 1
7 1
8 1
9 1
10 1
