0
10

1 2 0.000 1.74213 1
11 1.04900 2 2 8

2 1 0.000 2.37307 4
21 0.46382 2 5 6
22 1.06597 2 2 9
23 0.88998 2 4 8
24 0.78667 2 5 9

3 1 0.000 1.57863 5
31 0.75697 2 1 8
32 0.62972 2 3 6
33 0.57359 2 4 10
34 0.89547 2 3 10
35 0.62391 2 1 7

4 2 0.000 1.25643 1
41 0.94736 2 1 7

5 1 0.000 2.89970 4
51 0.49929 2 1 9
52 0.91706 2 1 8
53 0.93412 2 2 9
54 0.64758 2 4 8

6 1 0.000 1.48834 1
61 0.91923 2 4 10

7 1 0.000 1.26974 1
71 0.86667 2 5 8

8 1 0.000 3.92787 4
81 0.52780 2 2 9
82 0.84610 2 1 10
83 0.90611 2 2 6
84 1.06344 2 2 8

9 2 0.000 1.28948 1
91 0.95779 2 3 7

10 1 0.000 1.29801 1
101 1.16224 2 3 8

10
1 1
2 1
3 1
4 1
5 1
6 1
7 1
8 1
9 1
10 1
