0
10

1 1 0.000 2.53672 1
11 1.38163 2 1 6

2 1 0.000 3.69851 5
21 0.92342 2 2 10
22 1.04096 2 1 9
23 0.71952 2 1 7
24 0.80457 2 4 10
25 0.94496 2 1 6

3 1 0.000 1.09312 1
31 0.71926 2 4 9

4 2 0.000 0.99761 1
41 0.72401 2 4 10

5 1 0.000 2.28650 4
51 1.10705 2 1 9
52 1.10844 2 5 10
53 0.87903 2 4 6
54 0.91882 2 3 10

6 1 0.000 1.40373 5
61 1.04491 2 2 7
62 0.48727 2 5 9
63 0.52628 2 1 8
64 0.72090 2 1 6
65 0.40440 2 4 9

7 1 0.000 1.47963 1
71 1.05298 2 3 10

8 1 0.000 2.00079 4
81 0.96537 2 1 8
82 0.87225 2 4 7
83 0.85772 2 3 10
84 0.88766 2 2 7

9 1 0.000 3.65520 5
91 0.80973 2 2 8
92 0.33286 2 3 7
93 0.69744 2 3 10
94 1.17952 2 2 10
95 0.62712 2 4 6

10 1 0.000 1.29828 1
101 1.02615 2 4 6

10
1 1
2 1
3 1
4 1
5 1
6 1
7 1
8 1
9 1
10 1
