0
10

1 1 0.000 1.74253 1
11 0.87692 2 3 6

2 1 0.000 3.32717 5
21 0.67503 2 1 7
22 0.60590 2 4 6
23 0.48740 2 2 9
24 0.96577 2 5 8
25 1.13186 2 2 6

3 1 0.000 1.40428 1
31 0.90366 2 5 7

4 2 0.000 1.50470 1
41 1.23910 2 4 8

5 1 0.000 2.23688 5
51 0.76913 2 1 6
52 1.14476 2 5 6
53 1.17235 2 4 9
54 1.02710 2 3 10
55 0.65055 2 2 9

6 1 0.000 1.82839 1
61 1.09507 2 2 8

7 1 0.000 3.40598 4
71 0.99725 2 4 6
72 0.60471 2 1 7
73 0.96329 2 1 6
74 0.69061 2 2 9

8 1 0.000 0.98833 1
81 0.50295 2 5 8

9 1 0.000 1.85179 1
91 1.09078 2 5 9

10 1 0.000 1.91396 1
101 1.08441 2 2 10

10
1 1
2 1
3 1
4 1
5 1
6 1
7 1
8 1
9 1
10 1
