0
10

1 1 0.000 1.46767 1
11 0.93621 2 1 8

2 2 0.000 3.76025 4
21 0.94171 2 2 7
22 1.11867 2 4 8
23 0.80002 2 4 10
24 0.84253 2 4 6

3 1 0.000 2.40266 1
31 1.37120 2 5 9

4 1 0.000 2.28914 5
41 0.61181 2 5 8
42 0.97035 2 4 8
43 0.70704 2 4 10
44 0.91488 2 3 7
45 0.91323 2 5 7

5 2 0.000 0.64693 1
51 0.50279 2 3 8

6 1 0.000 2.70673 5
61 0.52211 2 5 10
62 0.54901 2 1 6
63 1.12357 2 4 6
64 0.62225 2 2 9
65 0.70180 2 5 7

7 1 0.000 2.00812 1
71 1.19579 2 1 6

8 1 0.000 2.07411 5
81 0.73783 2 5 7
82 0.71393 2 3 7
83 0.67848 2 4 6
84 0.63560 2 1 9
85 0.84076 2 1 6

9 2 0.000 1.67650 1
91 0.90461 2 4 6

10 1 0.000 4.27640 4
101 0.61857 2 5 9
102 1.21795 2 3 6
103 0.47513 2 4 8
104 0.99004 2 5 6

10
1 1
2 1
3 1
4 1
5 1
6 1
7 1
8 1
9 1
10 1
