0
10

1 2 0.000 0.93318 1
11 0.88030 2 2 9

2 1 0.000 4.32586 5
21 1.07232 2 1 10
22 0.70855 2 2 7
23 0.83544 2 4 7
24 0.76776 2 4 9
25 0.90572 2 4 10

3 1 0.000 1.55428 1
31 1.15168 2 3 9

4 1 0.000 1.25500 1
41 0.94326 2 1 9

5 1 0.000 1.53191 1
51 0.83904 2 1 10

6 1 0.000 1.27836 1
61 0.76012 2 2 10

7 1 0.000 1.28861 1
71 1.24703 2 2 10

8 1 0.000 0.89161 1
81 0.48013 2 1 8

9 1 0.000 1.73563 4
91 0.58314 2 1 7
92 0.46006 2 5 10
93 0.81730 2 3 9
94 0.76338 2 5 7

10 1 0.000 1.86093 1
101 1.09284 2 2 10

10
1 1
2 1
3 1
4 1
5 1
6 1
7 1
8 1
9 1
10 1
