0
10

1 1 0.000 1.36750 1
11 1.04334 2 2 10

2 1 0.000 2.59749 5
21 0.88950 2 1 10
22 0.77061 2 1 7
23 0.60348 2 2 6
24 1.11212 2 3 6
25 0.66379 2 2 10

3 1 0.000 2.10445 1
31 1.20091 2 3 10

4 1 0.000 2.82920 5
41 0.90517 2 2 7
42 0.82745 2 4 10
43 1.14879 2 5 10
44 0.64733 2 3 9
45 0.78791 2 4 8

5 1 0.000 2.73535 4
51 0.80951 2 4 10
52 1.00755 2 3 6
53 0.60982 2 1 7
54 0.92888 2 5 10

6 1 0.000 1.21600 1
61 0.60974 2 5 9

7 2 0.000 1.42858 1
71 1.03011 2 2 7

8 1 0.000 1.47809 4
81 0.23739 2 1 10
82 0.45821 2 1 8
83 0.90145 2 4 6
84 0.20807 2 2 10

9 2 0.000 2.58170 5
91 0.62157 2 5 9
92 1.07138 2 3 9
93 0.57051 2 5 8
94 0.73815 2 2 7
95 0.95494 2 3 8

10 1 0.000 1.48946 1
101 1.17426 2 1 7

10
1 1
2 1
3 1
4 1
5 1
6 1
7 1
8 1
9 1
10 1
