0
10

1 1 0.000 1.20401 1
11 0.88339 2 1 9

2 1 0.000 3.60438 5
21 0.64857 2 4 8
22 1.18778 2 1 10
23 0.67485 2 2 7
24 0.71841 2 5 6
25 0.79942 2 1 9

3 1 0.000 2.43751 5
31 0.89308 2 3 7
32 0.87302 2 1 6
33 0.95126 2 4 10
34 0.92133 2 1 9
35 0.65445 2 5 8

4 2 0.000 2.15252 4
41 0.46644 2 4 6
42 0.96760 2 5 8
43 1.08183 2 5 7
44 0.90335 2 3 6

5 1 0.000 4.00730 5
51 0.51659 2 4 9
52 0.69994 2 4 7
53 0.97820 2 1 9
54 0.53698 2 3 10
55 0.89515 2 4 6

6 1 0.000 1.27611 1
61 1.08759 2 5 6

7 1 0.000 1.31003 1
71 1.18081 2 5 6

8 2 0.000 1.26714 1
81 0.97657 2 3 10

9 1 0.000 1.67962 4
91 0.90617 2 1 8
92 0.83092 2 3 6
93 0.67119 2 3 10
94 0.59729 2 1 10

10 1 0.000 1.56660 1
101 1.02650 2 2 9

10
1 1
2 1
3 1
4 1
5 1
6 1
7 1
8 1
9 1
10 1
