0
10

1 1 0.000 2.05879 1
11 1.35453 2 4 6

2 1 0.000 1.69870 5
21 0.81017 2 3 6
22 0.57053 2 1 9
23 0.56709 2 5 6
24 0.65343 2 4 9
25 0.46180 2 4 10

3 1 0.000 1.43759 1
31 1.14433 2 4 8

4 1 0.000 1.37643 1
41 0.96431 2 3 9

5 1 0.000 1.77579 1
51 1.02289 2 1 10

6 2 0.000 1.41771 1
61 0.94814 2 1 10

7 1 0.000 3.24829 4
71 0.98254 2 4 6
72 0.66466 2 4 7
73 0.63384 2 4 8
74 0.48784 2 3 10

8 1 0.000 1.26483 1
81 0.92066 2 3 7

9 1 0.000 3.14954 5
91 0.51050 2 3 10
92 0.53751 2 4 9
93 0.80857 2 1 6
94 0.82600 2 5 10
95 0.62540 2 2 10

10 2 0.000 1.08358 1
101 1.00877 2 1 10

10
1 1
2 1
3 1
4 1
5 1
6 1
7 1
8 1
9 1
10 1
