0
10

1 2 0.000 1.21646 1
11 0.94986 2 5 7

2 2 0.000 4.74761 4
21 0.75318 2 2 7
22 0.99173 2 5 8
23 0.94971 2 2 8
24 0.96793 2 3 8

3 1 0.000 2.95814 5
31 0.79601 2 5 9
32 1.04992 2 1 6
33 0.76320 2 5 7
34 0.54863 2 3 10
35 0.67826 2 1 7

4 2 0.000 1.31143 1
41 0.87312 2 4 8

5 1 0.000 2.54512 4
51 1.34686 2 3 8
52 0.61914 2 1 10
53 0.73613 2 2 8
54 1.15969 2 2 9

6 1 0.000 3.32497 5
61 0.34034 2 3 8
62 0.76632 2 2 7
63 0.77637 2 3 10
64 0.79915 2 1 9
65 1.03208 2 2 9

7 1 0.000 1.57437 1
71 0.96356 2 4 8

8 1 0.000 2.16387 1
81 1.11895 2 4 10

9 1 0.000 1.15066 1
91 1.09206 2 3 8

10 1 0.000 2.40248 4
101 0.75703 2 5 9
102 0.87859 2 5 7
103 0.56895 2 1 7
104 0.77096 2 2 9

10
1 1
2 1
3 1
4 1
5 1
6 1
7 1
8 1
9 1
10 1
