0
10

1 1 0.000 1.63488 1
11 1.25266 2 5 10

2 1 0.000 3.04625 5
21 0.29281 2 4 9
22 0.93512 2 5 8
23 0.79161 2 1 6
24 0.73928 2 5 10
25 0.67384 2 3 6

3 1 0.000 1.77916 4
31 1.12714 2 3 8
32 0.86959 2 1 9
33 0.99140 2 2 10
34 0.62727 2 4 6

4 1 0.000 1.16344 1
41 1.13217 2 3 10

5 1 0.000 5.39166 5
51 1.10664 2 3 6
52 0.82008 2 1 6
53 1.02730 2 5 9
54 0.93778 2 4 7
55 0.83203 2 5 6

6 1 0.000 1.84441 1
61 1.40565 2 1 8

7 1 0.000 1.19102 1
71 1.00587 2 1 7

8 1 0.000 1.10672 1
81 1.08879 2 4 10

9 2 0.000 1.87952 1
91 1.23323 2 1 10

10 1 0.000 2.04049 4
101 0.66639 2 5 6
102 0.56097 2 3 6
103 1.07975 2 2 9
104 1.18759 2 3 10

10
1 1
2 1
3 1
4 1
5 1
6 1
7 1
8 1
9 1
10 1
