0
10

1 2 0.000 0.93839 1
11 0.85287 2 2 9

2 1 0.000 3.34331 5
21 0.51053 2 5 8
22 0.90414 2 3 8
23 0.74592 2 2 6
24 0.95294 2 3 6
25 0.70154 2 1 8

3 2 0.000 3.13916 4
31 0.95092 2 5 9
32 0.83997 2 4 9
33 0.68135 2 2 8
34 0.87835 2 4 8

4 1 0.000 3.15304 4
41 0.85333 2 5 8
42 0.95547 2 5 6
43 0.93490 2 5 9
44 0.86222 2 1 10

5 2 0.000 2.32791 1
51 1.22021 2 5 8

6 1 0.000 1.18380 1
61 0.71012 2 1 6

7 2 0.000 1.87492 5
71 0.67102 2 4 8
72 0.45207 2 5 8
73 0.89806 2 3 7
74 0.65922 2 2 10
75 0.63997 2 3 8

8 1 0.000 2.20029 1
81 1.29879 2 4 8

9 2 0.000 2.08188 1
91 1.45713 2 3 7

10 1 0.000 1.51584 1
101 0.95493 2 2 6

10
1 1
2 1
3 1
4 1
5 1
6 1
7 1
8 1
9 1
10 1
