0
10

1 2 0.000 2.15544 1
11 1.16942 2 1 10

2 2 0.000 4.64694 5
21 0.59961 2 2 6
22 0.80154 2 2 7
23 0.60947 2 1 7
24 1.27546 2 3 9
25 0.98157 2 5 7

3 2 0.000 1.11335 1
31 1.09936 2 1 9

4 1 0.000 1.86700 1
41 1.00315 2 5 8

5 1 0.000 2.56642 1
51 1.35849 2 4 6

6 1 0.000 1.19654 1
61 0.92169 2 5 9

7 1 0.000 1.14059 1
71 0.68492 2 5 9

8 1 0.000 2.52685 5
81 0.77398 2 5 9
82 0.77880 2 5 6
83 0.88739 2 1 9
84 0.99254 2 4 6
85 0.73879 2 5 7

9 2 0.000 3.54870 5
91 0.67718 2 1 9
92 0.60520 2 2 8
93 1.05958 2 2 10
94 0.73700 2 2 6
95 0.67377 2 1 8

10 1 0.000 2.42815 5
101 1.04737 2 1 9
102 0.69270 2 4 7
103 0.57151 2 5 7
104 0.74470 2 2 10
105 0.83677 2 3 8

10
1 1
2 1
3 1
4 1
5 1
6 1
7 1
8 1
9 1
10 1
