0
10

1 1 0.000 1.25969 1
11 1.14166 2 5 7

2 1 0.000 3.39438 4
21 1.11662 2 2 8
22 0.68857 2 3 10
23 0.60850 2 2 6
24 0.66038 2 4 10

3 2 0.000 1.39773 1
31 1.32237 2 4 6

4 2 0.000 2.30699 1
41 1.19172 2 4 6

5 1 0.000 1.27994 1
51 0.87757 2 1 9

6 1 0.000 1.42270 1
61 1.01431 2 4 10

7 1 0.000 1.78472 1
71 1.32962 2 1 8

8 1 0.000 1.45431 1
81 1.13734 2 5 7

9 2 0.000 2.91147 4
91 0.73912 2 4 6
92 0.82465 2 5 9
93 0.81960 2 3 7
94 0.66558 2 5 8

10 1 0.000 0.90352 1
101 0.78848 2 2 9

10
1 1
2 1
3 1
4 1
5 1
6 1
7 1
8 1
9 1
10 1
