0
10

1 1 0.000 1.56489 1
11 0.91452 2 3 8

2 1 0.000 3.61928 5
21 0.90853 2 5 10
22 0.61130 2 2 7
23 0.49660 2 5 7
24 1.14387 2 5 8
25 0.85943 2 2 8

3 1 0.000 2.96744 4
31 0.88616 2 1 10
32 1.12773 2 4 10
33 0.76864 2 5 9
34 0.54472 2 5 8

4 1 0.000 0.97993 1
41 0.65057 2 1 10

5 1 0.000 0.84996 1
51 0.77878 2 3 6

6 1 0.000 1.40399 1
61 0.77962 2 4 9

7 1 0.000 1.25294 1
71 0.86944 2 5 10

8 1 0.000 2.45470 4
81 0.78030 2 3 6
82 0.79414 2 5 7
83 0.91364 2 5 9
84 0.60210 2 4 6

9 1 0.000 1.16960 1
91 0.98769 2 5 9

10 2 0.000 1.01627 1
101 0.61674 2 3 9

10
1 1
2 1
3 1
4 1
5 1
6 1
7 1
8 1
9 1
10 1
