0
10

1 1 0.000 1.69909 1
11 0.89392 2 5 9

2 1 0.000 4.98460 4
21 0.79347 2 3 8
22 0.91958 2 5 6
23 0.78458 2 4 6
24 0.81637 2 3 6

3 1 0.000 1.76020 1
31 0.90166 2 1 10

4 2 0.000 4.29913 5
41 0.64269 2 3 9
42 0.91575 2 3 6
43 0.91196 2 2 6
44 0.79633 2 3 8
45 0.90035 2 4 8

5 1 0.000 1.76859 4
51 0.81105 2 2 10
52 0.78626 2 1 10
53 0.74502 2 1 6
54 0.83414 2 2 6

6 1 0.000 3.09489 5
61 1.13339 2 3 8
62 0.93467 2 3 10
63 0.45175 2 1 6
64 0.84817 2 1 9
65 0.91671 2 5 10

7 2 0.000 1.13457 1
71 0.96698 2 4 9

8 1 0.000 2.16848 1
81 1.08995 2 1 8

9 1 0.000 2.76496 5
91 0.66846 2 3 9
92 0.73336 2 4 6
93 0.63333 2 2 8
94 1.18499 2 5 8
95 0.81215 2 1 10

10 1 0.000 1.67569 1
101 1.07349 2 3 6

10
1 1
2 1
3 1
4 1
5 1
6 1
7 1
8 1
9 1
10 1
