0
10

1 2 0.000 1.23342 1
11 0.86891 2 3 9

2 1 0.000 3.75361 4
21 0.96661 2 2 7
22 0.90661 2 1 10
23 0.96338 2 3 6
24 1.17058 2 1 6

3 1 0.000 1.87931 1
31 1.14386 2 2 8

4 1 0.000 2.03004 1
41 1.12346 2 1 7

5 1 0.000 4.21177 5
51 0.64137 2 2 10
52 0.96325 2 1 9
53 0.72433 2 4 9
54 0.74900 2 2 9
55 0.70064 2 5 6

6 1 0.000 1.98243 1
61 1.07309 2 1 8

7 1 0.000 2.39935 5
71 0.82180 2 3 7
72 0.47054 2 1 7
73 0.85682 2 3 8
74 0.75018 2 5 9
75 0.85629 2 4 6

8 1 0.000 1.82781 1
81 0.92097 2 1 10

9 1 0.000 3.01076 5
91 0.78368 2 2 9
92 0.85056 2 3 6
93 1.04901 2 3 8
94 0.66368 2 3 10
95 0.84505 2 4 10

10 2 0.000 1.57918 1
101 1.01995 2 3 10

10
1 1
2 1
3 1
4 1
5 1
6 1
7 1
8 1
9 1
10 1
