0
10

1 2 0.000 1.04827 1
11 0.97160 2 3 10

2 1 0.000 2.32033 4
21 0.76043 2 5 7
22 0.84321 2 3 9
23 0.62633 2 1 7
24 0.69761 2 4 8

3 1 0.000 1.10439 1
31 0.81258 2 1 6

4 2 0.000 1.99306 1
41 1.21269 2 4 9

5 2 0.000 1.15669 1
51 0.98319 2 4 7

6 2 0.000 2.38338 1
61 1.35809 2 5 7

7 2 0.000 1.37343 1
71 1.10323 2 1 7

8 1 0.000 1.05261 1
81 0.85695 2 5 8

9 1 0.000 2.06209 5
91 0.72267 2 3 9
92 0.55423 2 4 9
93 0.79895 2 5 7
94 1.20562 2 3 10
95 0.56636 2 1 6

10 1 0.000 2.10399 4
101 0.59227 2 4 7
102 0.93137 2 1 9
103 0.68478 2 1 10
104 0.50850 2 3 6

10
1 1
2 1
3 1
4 1
5 1
6 1
7 1
8 1
9 1
10 1
