0
10

1 1 0.000 1.05966 1
11 0.88952 2 1 8

2 1 0.000 2.91515 5
21 0.89671 2 1 10
22 0.79146 2 5 8
23 0.75961 2 3 7
24 1.08205 2 3 9
25 0.71917 2 1 8

3 1 0.000 1.92767 1
31 0.98207 2 4 8

4 1 0.000 4.24735 4
41 0.85633 2 2 9
42 0.81539 2 5 10
43 0.66838 2 5 6
44 0.71528 2 5 7

5 1 0.000 1.87410 1
51 0.97452 2 1 10

6 1 0.000 1.25515 1
61 0.88828 2 5 9

7 1 0.000 2.13225 5
71 0.50127 2 3 6
72 0.56579 2 2 6
73 0.99908 2 1 6
74 1.01177 2 3 7
75 0.84029 2 2 7

8 2 0.000 1.96607 1
81 1.12501 2 2 10

9 1 0.000 2.69054 4
91 1.08864 2 3 7
92 0.81008 2 5 8
93 0.84519 2 3 6
94 0.79963 2 1 7

10 1 0.000 2.06472 4
101 0.94776 2 1 6
102 0.57250 2 5 7
103 0.98326 2 1 8
104 0.80983 2 4 8

10
1 1
2 1
3 1
4 1
5 1
6 1
7 1
8 1
9 1
10 1
