0
10

1 1 0.000 1.70233 1
11 1.03009 2 3 8

2 1 0.000 1.86625 5
21 0.63519 2 5 6
22 0.30094 2 4 6
23 0.70296 2 4 10
24 0.69508 2 3 6
25 0.90750 2 2 8

3 1 0.000 1.22011 1
31 0.88349 2 2 9

4 1 0.000 1.44083 1
41 1.02497 2 3 6

5 1 0.000 1.59499 1
51 0.96144 2 3 7

6 1 0.000 1.51270 1
61 1.00058 2 5 8

7 1 0.000 1.54237 1
71 1.04032 2 4 10

8 1 0.000 2.28070 4
81 0.64727 2 3 9
82 0.84923 2 1 9
83 1.05084 2 4 10
84 0.78564 2 3 8

9 1 0.000 3.45357 5
91 0.98029 2 4 10
92 1.09527 2 1 6
93 0.93168 2 4 8
94 0.82956 2 2 8
95 0.84176 2 3 10

10 1 0.000 1.16217 1
101 0.64408 2 3 9

10
1 1
2 1
3 1
4 1
5 1
6 1
7 1
8 1
9 1
10 1
