0
10

1 1 0.000 1.45972 1
11 1.05257 2 2 7

2 1 0.000 3.63800 5
21 0.57886 2 2 6
22 1.00800 2 1 10
23 0.89831 2 5 7
24 1.06020 2 1 9
25 0.75852 2 3 8

3 1 0.000 1.01668 1
31 0.81712 2 3 7

4 1 0.000 1.81453 1
41 0.99717 2 3 8

5 1 0.000 1.46148 1
51 0.77784 2 2 9

6 1 0.000 2.76761 5
61 0.70374 2 2 8
62 0.88706 2 1 9
63 0.87456 2 3 10
64 0.95311 2 2 7
65 0.67169 2 2 6

7 1 0.000 3.73891 5
71 0.97778 2 2 7
72 0.85037 2 1 7
73 0.74635 2 1 9
74 1.05523 2 3 7
75 0.76378 2 2 6

8 1 0.000 1.97385 1
81 1.12955 2 2 6

9 1 0.000 1.02092 1
91 1.00566 2 3 6

10 1 0.000 2.96338 4
101 0.71195 2 2 8
102 1.10778 2 1 9
103 0.90852 2 3 6
104 0.67545 2 3 10

10
1 1
2 1
3 1
4 1
5 1
6 1
7 1
8 1
9 1
10 1
