0
10

1 1 0.000 0.88358 1
11 0.86195 2 4 9

2 1 0.000 3.42099 4
21 0.60828 2 1 7
22 0.74081 2 5 7
23 0.90814 2 1 9
24 1.02649 2 5 8

3 1 0.000 2.05538 1
31 1.13356 2 5 8

4 1 0.000 1.73243 5
41 0.96239 2 3 9
42 0.93186 2 1 10
43 0.59506 2 1 7
44 0.76031 2 4 7
45 0.55836 2 2 9

5 1 0.000 0.91752 1
51 0.65113 2 5 8

6 1 0.000 3.65099 5
61 0.82019 2 3 7
62 0.85581 2 2 7
63 0.94388 2 2 6
64 0.46423 2 4 7
65 0.87642 2 3 9

7 1 0.000 1.37063 1
71 0.87257 2 2 8

8 1 0.000 1.46242 1
81 0.77999 2 2 10

9 1 0.000 1.11589 1
91 0.87822 2 2 8

10 1 0.000 1.09655 1
101 0.99957 2 5 7

10
1 1
2 1
3 1
4 1
5 1
6 1
7 1
8 1
9 1
10 1
