0
10

1 1 0.000 1.38231 1
11 0.75530 2 3 10

2 1 0.000 3.56153 5
21 0.91114 2 4 8
22 1.00064 2 1 6
23 0.73121 2 3 6
24 0.83171 2 5 10
25 0.87716 2 1 10

3 1 0.000 2.06599 1
31 1.06488 2 1 7

4 1 0.000 3.45647 5
41 0.77737 2 1 6
42 0.99676 2 4 8
43 1.09012 2 1 8
44 0.91268 2 5 6
45 0.90111 2 2 9

5 1 0.000 1.02951 1
51 0.95366 2 3 7

6 1 0.000 1.64096 1
61 1.03731 2 3 8

7 1 0.000 2.24429 1
71 1.27828 2 1 10

8 1 0.000 1.37642 1
81 0.88151 2 3 10

9 1 0.000 2.13026 1
91 1.07402 2 2 7

10 1 0.000 4.32335 5
101 0.93161 2 5 10
102 0.83817 2 4 8
103 0.49330 2 4 7
104 0.70937 2 5 6
105 0.84237 2 4 10

10
1 1
2 1
3 1
4 1
5 1
6 1
7 1
8 1
9 1
10 1
