0
10

1 1 0.000 1.97205 1
11 1.05276 2 1 6

2 1 0.000 1.95577 5
21 0.42599 2 3 9
22 0.60355 2 1 6
23 0.85529 2 4 9
24 0.85240 2 1 7
25 0.88031 2 4 10

3 1 0.000 3.92518 4
31 1.15839 2 2 7
32 0.67261 2 3 7
33 0.71211 2 4 7
34 0.97751 2 3 8

4 1 0.000 1.81850 1
41 1.03825 2 4 8

5 1 0.000 1.00289 1
51 0.79198 2 1 7

6 1 0.000 2.74880 4
61 0.69635 2 2 8
62 0.84554 2 4 10
63 0.82240 2 2 7
64 0.82680 2 5 7

7 1 0.000 2.05599 5
71 0.89945 2 3 6
72 0.72805 2 5 7
73 0.66854 2 4 9
74 0.79883 2 4 8
75 0.79901 2 1 6

8 1 0.000 1.43799 1
81 1.12128 2 5 9

9 1 0.000 0.87457 1
91 0.64949 2 4 8

10 1 0.000 2.85846 1
101 1.55883 2 4 7

10
1 1
2 1
3 1
4 1
5 1
6 1
7 1
8 1
9 1
10 1
