0
10

1 1 0.000 1.72817 1
11 1.14074 2 1 6

2 1 0.000 2.10628 4
21 0.71514 2 1 10
22 0.97024 2 5 6
23 0.77722 2 3 9
24 1.13898 2 2 10

3 1 0.000 3.85992 4
31 0.66442 2 1 9
32 0.91948 2 4 10
33 0.78166 2 1 10
34 0.91821 2 1 8

4 1 0.000 1.56337 1
41 0.88278 2 3 9

5 1 0.000 2.39033 1
51 1.49230 2 3 8

6 1 0.000 3.11522 5
61 0.77404 2 1 6
62 0.97040 2 3 7
63 0.71310 2 3 10
64 1.04766 2 4 9
65 0.49751 2 1 8

7 1 0.000 1.60575 1
71 1.51070 2 5 10

8 1 0.000 2.15126 5
81 1.14075 2 1 9
82 0.69196 2 2 7
83 0.81228 2 1 7
84 0.85916 2 3 10
85 0.60929 2 5 6

9 1 0.000 1.32158 1
91 0.93145 2 5 9

10 1 0.000 3.70521 5
101 0.64200 2 4 9
102 0.91239 2 5 6
103 0.98089 2 5 10
104 0.59969 2 1 7
105 0.67159 2 3 7

10
1 1
2 1
3 1
4 1
5 1
6 1
7 1
8 1
9 1
10 1
