0
10

1 1 0.000 1.25716 1
11 0.98489 2 4 10

2 1 0.000 2.05350 4
21 0.62619 2 3 7
22 0.52911 2 4 6
23 0.74854 2 5 8
24 0.96601 2 3 6

3 1 0.000 1.00342 1
31 0.74362 2 4 7

4 1 0.000 2.96064 4
41 0.73345 2 1 8
42 0.61767 2 1 7
43 0.97389 2 3 8
44 0.62143 2 5 8

5 1 0.000 1.24102 1
51 0.77154 2 5 6

6 1 0.000 1.77567 1
61 0.97808 2 5 8

7 1 0.000 2.62623 4
71 0.89434 2 1 6
72 0.78628 2 5 6
73 0.78514 2 1 9
74 0.87403 2 2 10

8 1 0.000 2.00530 4
81 0.90993 2 3 6
82 0.72048 2 1 8
83 0.64359 2 5 8
84 0.76918 2 2 6

9 1 0.000 1.20027 1
91 0.97969 2 4 7

10 1 0.000 1.59017 1
101 1.27642 2 4 9

10
1 1
2 1
3 1
4 1
5 1
6 1
7 1
8 1
9 1
10 1
