0
10

1 1 0.000 1.31953 1
11 0.78527 2 4 7

2 1 0.000 2.67684 5
21 0.62592 2 5 10
22 0.71094 2 4 9
23 0.93798 2 1 10
24 0.54945 2 3 9
25 0.40308 2 1 9

3 1 0.000 1.61289 1
31 0.88263 2 5 9

4 1 0.000 1.20375 1
41 1.01231 2 1 7

5 1 0.000 1.18108 1
51 1.16097 2 3 8

6 1 0.000 1.10978 1
61 0.99211 2 1 6

7 1 0.000 1.97839 4
71 0.75125 2 5 8
72 0.54319 2 4 7
73 0.65272 2 1 9
74 0.61945 2 1 7

8 1 0.000 1.51697 1
81 1.06891 2 2 6

9 1 0.000 1.20341 1
91 0.76047 2 4 6

10 1 0.000 1.83395 1
101 0.91955 2 2 10

10
1 1
2 1
3 1
4 1
5 1
6 1
7 1
8 1
9 1
10 1
