0
10

1 1 0.000 0.97123 1
11 0.75513 2 1 10

2 1 0.000 1.40875 4
21 1.11852 2 3 8
22 0.68957 2 4 10
23 0.82210 2 1 7
24 0.47416 2 2 10

3 1 0.000 1.62610 1
31 1.09886 2 1 9

4 1 0.000 2.20961 4
41 1.04928 2 3 7
42 0.42375 2 1 6
43 0.80505 2 2 9
44 0.77159 2 1 9

5 1 0.000 1.60271 1
51 1.58102 2 1 7

6 1 0.000 1.57899 1
61 1.02771 2 2 8

7 1 0.000 1.52725 1
71 1.34109 2 2 8

8 1 0.000 1.84812 5
81 0.69129 2 5 7
82 0.54861 2 1 6
83 0.72441 2 3 8
84 0.53297 2 5 9
85 0.71093 2 2 10

9 1 0.000 2.28934 5
91 0.86545 2 5 9
92 0.92510 2 5 10
93 0.71657 2 4 8
94 0.58976 2 2 10
95 0.84461 2 3 6

10 1 0.000 1.33553 1
101 0.95681 2 4 7

10
1 1
2 1
3 1
4 1
5 1
6 1
7 1
8 1
9 1
10 1
