0
10

1 1 0.000 0.87164 1
11 0.86306 2 2 8

2 1 0.000 2.97439 5
21 0.50834 2 2 6
22 0.81145 2 5 10
23 0.54567 2 5 9
24 0.78727 2 3 6
25 0.94597 2 4 10

3 1 0.000 0.77843 1
31 0.71810 2 1 10

4 1 0.000 1.84319 4
41 1.05222 2 1 9
42 0.89146 2 3 7
43 0.71592 2 2 10
44 0.81041 2 4 8

5 1 0.000 1.61867 1
51 1.05390 2 3 8

6 1 0.000 2.04994 4
61 0.53237 2 3 10
62 0.82607 2 4 6
63 0.67140 2 5 8
64 0.81387 2 5 10

7 1 0.000 2.33801 4
71 0.83939 2 3 10
72 0.35938 2 1 6
73 1.06730 2 4 6
74 0.77039 2 2 7

8 1 0.000 2.65186 5
81 0.57908 2 4 7
82 0.82788 2 2 6
83 0.80578 2 3 9
84 0.75896 2 4 10
85 0.82961 2 5 6

9 1 0.000 2.45575 5
91 1.05165 2 5 9
92 0.84659 2 3 7
93 0.84030 2 4 7
94 0.82937 2 2 9
95 0.67233 2 4 10

10 1 0.000 1.01991 1
101 0.64814 2 5 8

10
1 1
2 1
3 1
4 1
5 1
6 1
7 1
8 1
9 1
10 1
