0
10

1 1 0.000 1.46367 1
11 0.73476 2 5 6

2 1 0.000 3.22416 4
21 0.81612 2 2 10
22 0.54872 2 5 7
23 0.96914 2 5 6
24 0.87510 2 3 6

3 1 0.000 2.85662 4
31 0.82968 2 3 6
32 0.86356 2 5 10
33 0.72613 2 5 8
34 0.96565 2 2 8

4 1 0.000 1.32596 1
41 0.95423 2 5 9

5 1 0.000 2.83303 1
51 1.46322 2 5 8

6 1 0.000 1.69408 1
61 1.08457 2 5 7

7 1 0.000 2.08173 5
71 0.69014 2 3 10
72 1.12926 2 5 10
73 0.32262 2 4 8
74 0.45932 2 2 8
75 0.44912 2 1 8

8 1 0.000 1.74197 1
81 0.99832 2 1 9

9 1 0.000 2.21306 5
91 0.96658 2 5 10
92 0.57602 2 1 8
93 0.93862 2 3 9
94 0.81785 2 1 9
95 0.71015 2 5 8

10 1 0.000 2.89439 4
101 0.77641 2 2 8
102 0.95041 2 1 9
103 1.04812 2 4 7
104 0.94252 2 1 6

10
1 1
2 1
3 1
4 1
5 1
6 1
7 1
8 1
9 1
10 1
