0
10

1 1 0.000 1.93897 1
11 1.16336 2 1 8

2 1 0.000 2.76781 5
21 1.11017 2 3 9
22 0.57877 2 2 9
23 0.44804 2 5 10
24 0.49389 2 3 8
25 0.80825 2 4 7

3 1 0.000 1.09455 1
31 0.82941 2 5 6

4 1 0.000 4.39819 5
41 1.17105 2 5 10
42 1.25178 2 5 9
43 0.90075 2 2 7
44 1.23111 2 3 6
45 0.94236 2 1 6

5 1 0.000 1.89983 4
51 0.75016 2 2 10
52 0.60015 2 3 8
53 0.43298 2 4 6
54 1.07866 2 1 6

6 1 0.000 1.00920 1
61 0.82030 2 1 8

7 1 0.000 1.96025 5
71 1.15420 2 1 6
72 0.56867 2 2 6
73 0.86483 2 3 8
74 0.75370 2 5 8
75 0.78684 2 1 9

8 1 0.000 1.87713 5
81 0.56984 2 5 10
82 0.72651 2 1 8
83 0.61767 2 5 9
84 0.80561 2 3 7
85 0.66464 2 2 8

9 1 0.000 3.02224 5
91 0.91322 2 5 7
92 0.60891 2 4 9
93 0.91458 2 1 7
94 0.47871 2 1 8
95 0.94935 2 5 8

10 1 0.000 1.80806 1
101 0.93258 2 5 8

10
1 1
2 1
3 1
4 1
5 1
6 1
7 1
8 1
9 1
10 1
