0
10

1 1 0.000 1.37227 1
11 0.97713 2 1 9

2 1 0.000 2.73053 5
21 1.01953 2 2 7
22 1.00903 2 5 8
23 0.84009 2 5 9
24 0.91081 2 2 9
25 0.63017 2 3 7

3 1 0.000 1.82683 1
31 1.25129 2 3 7

4 1 0.000 1.46123 1
41 1.00369 2 2 7

5 1 0.000 1.36865 1
51 1.34664 2 2 7

6 1 0.000 2.93834 4
61 0.65860 2 3 10
62 0.80170 2 5 7
63 0.82911 2 2 10
64 1.03105 2 1 9

7 1 0.000 1.71947 1
71 1.10600 2 4 7

8 1 0.000 1.74127 1
81 0.98936 2 5 10

9 1 0.000 2.07848 1
91 1.72998 2 2 6

10 1 0.000 3.37769 4
101 0.70199 2 1 9
102 1.03302 2 5 8
103 0.93713 2 4 8
104 1.05597 2 5 9

10
1 1
2 1
3 1
4 1
5 1
6 1
7 1
8 1
9 1
10 1
