0
10

1 1 0.000 1.64187 1
11 0.94887 2 5 7

2 1 0.000 2.93898 5
21 0.90374 2 4 7
22 0.55972 2 5 8
23 0.90864 2 3 9
24 0.84390 2 4 8
25 0.53362 2 2 6

3 1 0.000 1.75572 1
31 0.93260 2 2 8

4 1 0.000 1.53459 1
41 0.96717 2 1 9

5 1 0.000 1.20454 1
51 0.86975 2 2 9

6 1 0.000 1.35089 1
61 0.79544 2 3 8

7 1 0.000 1.42479 1
71 1.23094 2 4 8

8 1 0.000 1.61391 1
81 1.11584 2 1 10

9 1 0.000 1.72764 1
91 1.10703 2 5 10

10 1 0.000 2.11269 5
101 0.89423 2 2 7
102 0.64142 2 5 8
103 0.66937 2 2 8
104 0.83687 2 1 6
105 0.25376 2 4 10

10
1 1
2 1
3 1
4 1
5 1
6 1
7 1
8 1
9 1
10 1
