0
10

1 1 0.000 0.96577 1
11 0.64230 2 5 10

2 1 0.000 1.70200 4
21 0.86381 2 2 9
22 0.75050 2 2 8
23 0.78091 2 4 6
24 0.60881 2 5 7

3 1 0.000 1.10190 1
31 0.84619 2 1 9

4 1 0.000 0.90076 1
41 0.68488 2 4 9

5 1 0.000 3.33219 4
51 0.48868 2 5 7
52 0.73157 2 2 7
53 0.88791 2 2 6
54 0.89854 2 4 7

6 1 0.000 0.73852 1
61 0.71093 2 3 10

7 1 0.000 3.39205 5
71 0.95434 2 1 8
72 1.03667 2 1 10
73 0.70540 2 2 10
74 0.75040 2 1 6
75 0.80363 2 5 10

8 1 0.000 1.97825 4
81 1.15398 2 2 9
82 1.02159 2 5 7
83 0.89635 2 1 6
84 0.36983 2 2 10

9 1 0.000 1.54020 1
91 0.93785 2 3 10

10 1 0.000 4.33009 4
101 1.05084 2 4 10
102 0.78747 2 2 7
103 0.88967 2 2 10
104 0.58667 2 3 10

10
1 1
2 1
3 1
4 1
5 1
6 1
7 1
8 1
9 1
10 1
