0
10

1 1 0.000 1.76936 1
11 1.02580 2 4 6

2 1 0.000 4.60059 5
21 1.35657 2 2 10
22 0.66134 2 4 10
23 0.76312 2 3 8
24 0.47357 2 3 10
25 0.75877 2 1 10

3 1 0.000 3.73126 5
31 0.64765 2 5 6
32 0.84189 2 3 6
33 0.47969 2 4 8
34 0.86742 2 1 7
35 0.76321 2 1 6

4 1 0.000 1.86437 5
41 0.96513 2 3 8
42 0.80564 2 2 7
43 0.98417 2 4 7
44 0.89377 2 1 8
45 0.71190 2 2 10

5 1 0.000 1.27906 1
51 1.25189 2 4 6

6 1 0.000 0.88113 1
61 0.65574 2 1 7

7 1 0.000 2.42540 1
71 1.33741 2 4 7

8 1 0.000 2.55545 5
81 0.78704 2 4 9
82 0.98432 2 4 10
83 0.61961 2 1 8
84 0.72329 2 3 7
85 0.96363 2 1 7

9 1 0.000 1.39252 1
91 0.88884 2 2 6

10 1 0.000 2.05782 4
101 0.64129 2 2 8
102 0.75989 2 5 8
103 0.48572 2 4 7
104 0.40192 2 3 6

10
1 1
2 1
3 1
4 1
5 1
6 1
7 1
8 1
9 1
10 1
