0
10

1 1 0.000 2.11689 1
11 1.23890 2 2 6

2 1 0.000 2.36489 5
21 1.11125 2 5 7
22 1.07327 2 4 6
23 0.76025 2 2 9
24 0.73249 2 5 10
25 0.72844 2 2 10

3 1 0.000 1.23165 1
31 0.76749 2 2 6

4 1 0.000 0.92535 1
41 0.79713 2 5 8

5 1 0.000 2.63062 4
51 0.91448 2 1 6
52 0.97684 2 5 10
53 0.74462 2 4 10
54 0.97979 2 3 6

6 1 0.000 2.71354 5
61 0.85459 2 1 7
62 0.90867 2 3 10
63 0.73727 2 3 7
64 0.73173 2 5 7
65 0.44409 2 5 6

7 1 0.000 2.53515 4
71 0.60474 2 5 6
72 0.42438 2 3 6
73 0.78470 2 1 7
74 0.82822 2 4 6

8 1 0.000 1.60186 1
81 1.09023 2 4 8

9 1 0.000 0.85860 1
91 0.66436 2 4 7

10 1 0.000 2.58191 5
101 1.06305 2 5 6
102 0.86637 2 4 10
103 0.54247 2 1 10
104 0.88328 2 3 10
105 0.76729 2 4 8

10
1 1
2 1
3 1
4 1
5 1
6 1
7 1
8 1
9 1
10 1
