0
10

1 1 0.000 1.12250 1
11 0.84918 2 1 8

2 1 0.000 2.15443 4
21 1.17823 2 1 6
22 0.96825 2 5 6
23 0.87284 2 3 9
24 0.82893 2 4 7

3 1 0.000 1.19366 1
31 1.04272 2 2 8

4 1 0.000 1.80569 1
41 0.96400 2 2 10

5 1 0.000 1.28734 1
51 0.86991 2 4 10

6 1 0.000 1.75866 5
61 1.10284 2 5 9
62 0.62638 2 5 10
63 0.64073 2 2 10
64 0.38912 2 2 7
65 0.77967 2 4 6

7 1 0.000 3.12306 5
71 0.92731 2 2 6
72 0.62676 2 4 9
73 0.59941 2 4 7
74 0.74634 2 1 8
75 0.81758 2 2 8

8 1 0.000 1.74275 4
81 0.55937 2 2 6
82 0.51975 2 5 9
83 0.78047 2 1 9
84 0.51891 2 3 10

9 1 0.000 1.22408 1
91 1.21442 2 3 10

10 1 0.000 3.90981 4
101 0.68023 2 1 10
102 0.74002 2 2 9
103 0.86446 2 2 8
104 0.63458 2 2 6

10
1 1
2 1
3 1
4 1
5 1
6 1
7 1
8 1
9 1
10 1
