0
10

1 1 0.000 1.06591 1
11 0.85590 2 4 7

2 1 0.000 3.19120 4
21 0.73469 2 1 7
22 0.99527 2 3 7
23 0.53018 2 5 6
24 0.84390 2 1 9

3 1 0.000 1.69307 1
31 1.17452 2 1 8

4 1 0.000 2.11767 4
41 0.93296 2 4 8
42 0.77548 2 4 7
43 0.60612 2 5 8
44 0.50777 2 5 10

5 1 0.000 4.18104 5
51 0.98397 2 2 8
52 0.93899 2 1 8
53 0.60725 2 5 7
54 0.62264 2 5 8
55 0.50008 2 3 8

6 1 0.000 2.23445 1
61 1.48671 2 4 10

7 1 0.000 4.10836 5
71 1.14234 2 3 10
72 0.85648 2 4 7
73 0.75512 2 1 9
74 1.05529 2 3 7
75 0.53552 2 5 6

8 1 0.000 1.55921 1
81 0.96486 2 2 9

9 1 0.000 1.12582 1
91 0.98425 2 4 6

10 1 0.000 1.76777 1
101 0.95128 2 2 10

10
1 1
2 1
3 1
4 1
5 1
6 1
7 1
8 1
9 1
10 1
