0
10

1 1 0.000 1.26559 1
11 1.06807 2 4 10

2 1 0.000 3.11414 4
21 0.61555 2 5 7
22 0.94425 2 1 10
23 0.85669 2 4 10
24 0.56043 2 4 9

3 1 0.000 3.66327 4
31 0.80545 2 4 10
32 1.09931 2 1 10
33 0.97619 2 3 6
34 0.94362 2 5 8

4 1 0.000 1.33633 1
41 1.10401 2 5 6

5 1 0.000 1.46491 1
51 0.74283 2 1 8

6 1 0.000 4.29657 5
61 0.65810 2 3 7
62 0.93594 2 5 7
63 1.12971 2 1 10
64 1.09090 2 4 7
65 1.20330 2 4 10

7 1 0.000 3.60309 4
71 1.23514 2 1 6
72 0.92744 2 5 9
73 0.89396 2 4 7
74 0.88079 2 4 9

8 1 0.000 2.29095 4
81 0.71095 2 3 10
82 0.53585 2 4 7
83 0.94309 2 2 6
84 1.10561 2 4 9

9 1 0.000 1.24863 1
91 0.84860 2 2 10

10 1 0.000 2.66771 5
101 0.59147 2 5 7
102 0.47187 2 1 7
103 0.77932 2 3 10
104 1.20295 2 4 10
105 0.57575 2 5 9

10
1 1
2 1
3 1
4 1
5 1
6 1
7 1
8 1
9 1
10 1
