0
10

1 1 0.000 1.30926 1
11 0.99657 2 3 10

2 1 0.000 3.37362 4
21 0.48668 2 3 6
22 1.01250 2 1 7
23 0.63277 2 4 10
24 0.94137 2 1 10

3 1 0.000 6.52894 5
31 0.81380 2 1 7
32 0.94593 2 5 7
33 0.80084 2 3 7
34 0.84972 2 4 7
35 0.83205 2 4 6

4 1 0.000 1.13099 1
41 1.03297 2 4 6

5 1 0.000 1.74266 1
51 1.04666 2 2 9

6 1 0.000 1.32316 1
61 0.97515 2 3 8

7 1 0.000 1.79405 4
71 0.98662 2 3 6
72 0.72699 2 2 10
73 0.29103 2 2 7
74 0.70868 2 4 7

8 1 0.000 4.61794 5
81 0.69554 2 4 8
82 0.75376 2 4 6
83 1.08816 2 3 7
84 0.75213 2 3 6
85 0.86837 2 1 6

9 1 0.000 1.37738 1
91 1.12555 2 4 6

10 1 0.000 0.97727 1
101 0.92434 2 3 8

10
1 1
2 1
3 1
4 1
5 1
6 1
7 1
8 1
9 1
10 1
