0
10

1 1 0.000 1.14910 1
11 0.64589 2 3 6

2 1 0.000 3.07073 5
21 1.07159 2 1 10
22 0.93708 2 3 6
23 0.77256 2 4 6
24 0.82670 2 5 10
25 0.79400 2 2 8

3 1 0.000 3.05621 4
31 0.72592 2 3 7
32 0.68879 2 2 9
33 0.94200 2 3 9
34 0.83692 2 2 8

4 1 0.000 1.22291 1
41 0.71694 2 4 6

5 1 0.000 2.28769 5
51 0.75403 2 3 8
52 0.70390 2 1 7
53 0.58555 2 1 9
54 0.56405 2 4 10
55 0.58791 2 5 7

6 1 0.000 2.09266 1
61 1.38619 2 5 9

7 1 0.000 1.08342 1
71 0.90454 2 4 9

8 1 0.000 1.97631 1
81 0.99699 2 3 8

9 1 0.000 1.37308 1
91 1.14015 2 5 6

10 1 0.000 2.13791 5
101 0.69645 2 5 8
102 0.77879 2 1 8
103 0.84926 2 1 9
104 1.03846 2 5 7
105 0.44171 2 2 6

10
1 1
2 1
3 1
4 1
5 1
6 1
7 1
8 1
9 1
10 1
