0
10

1 1 0.000 1.44610 1
11 1.16066 2 3 7

2 1 0.000 2.81168 4
21 0.93572 2 2 6
22 1.21600 2 5 6
23 1.32500 2 4 7
24 1.34056 2 1 8

3 1 0.000 2.98818 5
31 0.67241 2 4 9
32 0.87506 2 1 6
33 0.91323 2 5 10
34 0.92562 2 1 10
35 0.56343 2 3 8

4 1 0.000 2.03660 4
41 0.49778 2 5 7
42 0.73339 2 2 6
43 0.81838 2 1 6
44 0.29442 2 4 10

5 1 0.000 4.76678 5
51 0.74562 2 4 7
52 0.82884 2 3 6
53 0.91383 2 3 7
54 0.87792 2 1 6
55 0.64630 2 3 9

6 1 0.000 1.53432 4
61 0.65919 2 5 9
62 0.70133 2 1 6
63 0.73365 2 5 10
64 1.04703 2 2 8

7 1 0.000 0.86552 1
71 0.86389 2 4 10

8 1 0.000 3.60823 5
81 0.93570 2 4 6
82 0.86184 2 4 8
83 1.33627 2 5 7
84 0.59813 2 2 9
85 0.69102 2 4 10

9 1 0.000 1.75474 1
91 1.18966 2 3 9

10 1 0.000 1.79732 1
101 1.20613 2 3 9

10
1 1
2 1
3 1
4 1
5 1
6 1
7 1
8 1
9 1
10 1
