0
10

1 1 0.000 0.83816 1
11 0.74555 2 2 10

2 1 0.000 3.00629 5
21 0.77225 2 1 6
22 0.76389 2 1 8
23 0.62951 2 2 8
24 0.64279 2 2 9
25 1.01812 2 4 9

3 1 0.000 1.71117 1
31 1.04417 2 2 6

4 1 0.000 2.27494 4
41 0.85712 2 2 7
42 0.47419 2 4 9
43 0.72350 2 1 10
44 0.75300 2 1 8

5 1 0.000 3.14015 4
51 0.73783 2 3 6
52 0.77190 2 3 9
53 1.04789 2 5 10
54 0.73507 2 5 6

6 1 0.000 3.12899 4
61 1.22767 2 2 7
62 0.85230 2 3 8
63 0.62676 2 2 10
64 0.70525 2 4 8

7 1 0.000 2.45531 1
71 1.45301 2 4 8

8 1 0.000 2.89293 5
81 0.86309 2 1 7
82 1.06187 2 2 10
83 1.01870 2 2 6
84 0.78993 2 4 9
85 0.60117 2 5 7

9 1 0.000 1.98468 1
91 1.46751 2 5 9

10 1 0.000 3.49715 5
101 0.75454 2 2 9
102 0.66444 2 2 8
103 0.33720 2 2 7
104 0.49524 2 3 7
105 0.67624 2 3 6

10
1 1
2 1
3 1
4 1
5 1
6 1
7 1
8 1
9 1
10 1
