0
10

1 1 0.000 1.69510 1
11 1.28630 2 1 6

2 1 0.000 2.99749 4
21 0.49952 2 3 7
22 1.01677 2 5 9
23 1.20415 2 3 9
24 0.70226 2 4 6

3 1 0.000 1.93229 1
31 1.01192 2 3 9

4 1 0.000 1.10367 1
41 0.93311 2 2 10

5 1 0.000 2.64078 1
51 1.45912 2 5 6

6 1 0.000 1.46262 1
61 0.80231 2 3 7

7 1 0.000 1.77858 1
71 1.09480 2 3 8

8 1 0.000 2.47223 4
81 0.86657 2 3 7
82 1.04319 2 4 10
83 0.64389 2 5 7
84 0.59025 2 4 9

9 1 0.000 2.07014 1
91 1.09867 2 5 6

10 1 0.000 0.92589 1
101 0.79538 2 4 8

10
1 1
2 1
3 1
4 1
5 1
6 1
7 1
8 1
9 1
10 1
