0
10

1 1 0.000 1.83821 1
11 1.27670 2 5 8

2 1 0.000 2.83791 4
21 0.67273 2 5 9
22 0.53137 2 2 10
23 0.96325 2 3 9
24 0.48533 2 2 7

3 1 0.000 1.78550 1
31 1.14546 2 2 6

4 1 0.000 1.63381 1
41 0.95487 2 3 10

5 1 0.000 0.87903 1
51 0.72825 2 3 6

6 1 0.000 1.04026 1
61 1.02218 2 4 10

7 1 0.000 2.41671 1
71 1.23567 2 5 6

8 1 0.000 4.82617 4
81 0.84514 2 2 8
82 0.58885 2 5 8
83 1.06390 2 4 9
84 1.27644 2 1 8

9 1 0.000 0.81138 1
91 0.73763 2 1 9

10 1 0.000 1.15029 1
101 0.87528 2 1 7

10
1 1
2 1
3 1
4 1
5 1
6 1
7 1
8 1
9 1
10 1
