0
10

1 1 0.000 0.97289 1
11 0.88723 2 2 7

2 1 0.000 3.95181 5
21 0.89329 2 1 6
22 0.73414 2 3 9
23 0.76428 2 3 6
24 1.01337 2 2 6
25 0.81291 2 3 10

3 1 0.000 1.42056 1
31 0.89127 2 3 9

4 1 0.000 3.39177 4
41 0.76124 2 2 6
42 0.62567 2 4 6
43 0.75225 2 5 10
44 0.82323 2 3 6

5 1 0.000 1.07981 1
51 1.03502 2 2 6

6 1 0.000 1.30887 1
61 0.95008 2 2 8

7 1 0.000 1.44109 1
71 0.97261 2 3 10

8 1 0.000 1.68169 1
81 1.37521 2 3 10

9 1 0.000 1.28697 1
91 0.90353 2 3 6

10 1 0.000 1.28778 1
101 1.03971 2 3 8

10
1 1
2 1
3 1
4 1
5 1
6 1
7 1
8 1
9 1
10 1
