0
10

1 1 0.000 1.22233 1
11 0.70282 2 2 7

2 1 0.000 3.02931 4
21 0.99446 2 2 7
22 0.64933 2 4 7
23 0.70362 2 2 6
24 0.48387 2 4 8

3 1 0.000 2.24016 4
31 0.73954 2 4 7
32 0.47309 2 4 9
33 0.71618 2 1 10
34 0.70942 2 2 10

4 1 0.000 1.36980 1
41 0.89043 2 4 6

5 1 0.000 5.49554 4
51 0.78105 2 3 10
52 1.24478 2 2 10
53 0.79430 2 2 6
54 0.77773 2 4 10

6 1 0.000 1.65615 1
61 1.09873 2 5 7

7 1 0.000 1.85560 1
71 1.14775 2 5 7

8 1 0.000 3.60071 5
81 0.79124 2 5 7
82 0.96221 2 3 7
83 0.95217 2 1 9
84 0.66099 2 4 6
85 1.02025 2 4 7

9 1 0.000 1.52069 1
91 1.00977 2 5 8

10 1 0.000 1.77716 1
101 1.15792 2 2 7

10
1 1
2 1
3 1
4 1
5 1
6 1
7 1
8 1
9 1
10 1
