0
10

1 1 0.000 1.35537 1
11 0.78007 2 2 8

2 1 0.000 1.64461 5
21 0.60299 2 4 6
22 0.70085 2 3 6
23 0.62003 2 3 10
24 0.82550 2 4 8
25 0.12547 2 4 9

3 1 0.000 1.06582 1
31 0.74687 2 2 9

4 1 0.000 2.51137 5
41 0.72606 2 3 6
42 0.93094 2 1 8
43 0.42079 2 5 9
44 0.64722 2 1 7
45 0.74067 2 5 10

5 1 0.000 1.70869 1
51 1.17264 2 5 8

6 1 0.000 2.29799 1
61 1.36212 2 3 6

7 1 0.000 2.04582 4
71 1.08306 2 4 8
72 0.86179 2 4 10
73 0.94161 2 3 9
74 0.65433 2 2 9

8 1 0.000 2.36817 1
81 1.20744 2 3 9

9 1 0.000 2.36955 5
91 0.72103 2 3 8
92 0.81754 2 3 9
93 0.56808 2 3 7
94 0.76515 2 2 8
95 1.10318 2 4 9

10 1 0.000 0.71965 1
101 0.49376 2 4 9

10
1 1
2 1
3 1
4 1
5 1
6 1
7 1
8 1
9 1
10 1
