0
10

1 1 0.000 1.50131 1
11 1.30869 2 3 9

2 1 0.000 4.80569 4
21 0.95864 2 4 7
22 1.10203 2 1 6
23 0.68150 2 1 9
24 1.06682 2 1 10

3 1 0.000 1.88011 1
31 0.94345 2 4 10

4 1 0.000 1.89268 1
41 1.11201 2 4 8

5 1 0.000 1.23582 1
51 1.02400 2 4 7

6 1 0.000 1.84014 1
61 1.10909 2 2 6

7 1 0.000 2.94153 5
71 0.91384 2 1 7
72 0.78904 2 4 9
73 1.00251 2 3 8
74 0.74581 2 3 7
75 0.60958 2 2 6

8 1 0.000 1.58543 1
81 0.86371 2 3 9

9 1 0.000 3.95038 4
91 1.00399 2 1 9
92 1.05304 2 1 8
93 0.70372 2 4 6
94 0.78391 2 5 7

10 1 0.000 2.80066 5
101 0.73885 2 3 8
102 0.96307 2 5 10
103 0.65188 2 3 9
104 0.74905 2 5 8
105 0.99753 2 1 7

10
1 1
2 1
3 1
4 1
5 1
6 1
7 1
8 1
9 1
10 1
