0
10

1 1 0.000 1.71058 1
11 1.12691 2 4 10

2 1 0.000 1.33620 4
21 0.88473 2 1 8
22 0.78916 2 3 9
23 1.00559 2 5 10
24 1.14897 2 4 7

3 1 0.000 1.43687 1
31 0.85488 2 4 10

4 1 0.000 1.79647 1
41 1.02098 2 3 6

5 1 0.000 1.95460 4
51 0.78138 2 4 6
52 0.75570 2 4 9
53 0.69178 2 2 9
54 0.76156 2 5 7

6 1 0.000 1.89830 1
61 1.03004 2 5 6

7 1 0.000 1.53106 1
71 0.82831 2 1 8

8 1 0.000 2.42023 5
81 0.54696 2 3 9
82 0.62383 2 2 7
83 0.52788 2 3 7
84 0.69017 2 3 10
85 0.75469 2 1 10

9 1 0.000 2.01698 1
91 1.08737 2 1 9

10 1 0.000 2.48514 5
101 1.07151 2 2 7
102 0.96869 2 4 10
103 1.06135 2 5 10
104 0.85511 2 3 6
105 0.62690 2 2 8

10
1 1
2 1
3 1
4 1
5 1
6 1
7 1
8 1
9 1
10 1
