0
10

1 1 0.000 1.23299 1
11 0.68315 2 1 6

2 1 0.000 1.71660 4
21 0.78730 2 1 7
22 0.66441 2 3 9
23 0.98839 2 4 8
24 0.60997 2 1 9

3 1 0.000 1.66515 1
31 1.10720 2 5 10

4 1 0.000 2.02169 1
41 1.03030 2 2 9

5 1 0.000 2.98496 1
51 1.66117 2 1 8

6 1 0.000 2.49366 4
61 0.88394 2 1 6
62 0.72339 2 2 8
63 0.73747 2 1 10
64 0.85522 2 5 10

7 1 0.000 1.20098 1
71 1.11573 2 2 6

8 1 0.000 1.22908 1
81 1.11509 2 4 9

9 1 0.000 3.00726 5
91 0.77789 2 4 10
92 0.89314 2 1 8
93 0.77529 2 5 6
94 0.41302 2 2 9
95 0.93120 2 5 9

10 1 0.000 1.82577 1
101 1.02302 2 4 9

10
1 1
2 1
3 1
4 1
5 1
6 1
7 1
8 1
9 1
10 1
