0
10

1 1 0.000 1.94079 1
11 0.98432 2 2 6

2 1 0.000 3.12837 4
21 0.75098 2 2 8
22 0.98492 2 5 8
23 1.09810 2 2 10
24 1.07764 2 1 6

3 1 0.000 2.86295 5
31 0.61763 2 1 6
32 0.57680 2 5 6
33 0.72526 2 3 6
34 0.98596 2 4 7
35 0.91763 2 3 7

4 1 0.000 1.53813 1
41 1.08399 2 3 6

5 1 0.000 1.85824 1
51 0.95154 2 5 8

6 1 0.000 0.92889 1
61 0.81181 2 1 10

7 1 0.000 1.29951 1
71 0.85426 2 4 9

8 1 0.000 1.31407 1
81 0.69559 2 4 7

9 1 0.000 1.88927 1
91 1.09566 2 3 9

10 1 0.000 1.81592 1
101 1.09894 2 4 8

10
1 1
2 1
3 1
4 1
5 1
6 1
7 1
8 1
9 1
10 1
