0
10

1 1 0.000 1.36339 1
11 0.83857 2 2 8

2 1 0.000 3.10695 4
21 0.70159 2 2 10
22 0.39447 2 5 10
23 0.96237 2 3 7
24 0.70378 2 4 10

3 1 0.000 3.14026 5
31 0.73878 2 2 7
32 0.75607 2 3 7
33 1.13909 2 5 8
34 0.93482 2 1 8
35 1.01105 2 1 10

4 1 0.000 1.35002 1
41 0.75355 2 1 10

5 1 0.000 3.44767 4
51 1.02975 2 3 9
52 0.71993 2 1 8
53 0.73872 2 3 10
54 0.91514 2 5 9

6 1 0.000 1.95994 4
61 0.82872 2 3 8
62 0.90878 2 3 6
63 0.97690 2 2 6
64 0.63095 2 1 7

7 1 0.000 1.31245 1
71 0.95656 2 2 7

8 1 0.000 2.74367 1
81 1.41466 2 2 9

9 1 0.000 1.86604 1
91 1.04316 2 5 8

10 1 0.000 1.44114 1
101 0.97272 2 3 7

10
1 1
2 1
3 1
4 1
5 1
6 1
7 1
8 1
9 1
10 1
