0
10

1 1 0.000 2.06974 1
11 1.26244 2 1 7

2 1 0.000 3.60853 5
21 0.70918 2 3 8
22 1.00853 2 1 8
23 0.74484 2 2 7
24 0.46853 2 5 7
25 0.88448 2 2 8

3 1 0.000 1.29526 1
31 0.97713 2 5 10

4 1 0.000 2.51850 4
41 0.60101 2 3 9
42 0.90667 2 5 9
43 1.06112 2 1 6
44 0.90386 2 2 7

5 1 0.000 1.79174 1
51 0.92799 2 3 10

6 1 0.000 1.46056 1
61 0.88708 2 2 6

7 1 0.000 3.06695 4
71 0.62501 2 3 6
72 0.51321 2 5 9
73 0.58796 2 3 9
74 0.62172 2 2 9

8 1 0.000 1.56614 1
81 0.95724 2 5 6

9 1 0.000 2.25819 1
91 1.17834 2 5 8

10 1 0.000 3.60185 5
101 0.67100 2 2 9
102 1.02900 2 1 10
103 0.78956 2 1 7
104 0.99513 2 3 6
105 0.77357 2 3 8

10
1 1
2 1
3 1
4 1
5 1
6 1
7 1
8 1
9 1
10 1
