0
10

1 1 0.000 1.32945 1
11 0.69533 2 2 8

2 1 0.000 2.82500 5
21 0.71420 2 2 10
22 0.84909 2 2 9
23 0.58985 2 4 8
24 0.85213 2 5 9
25 0.76710 2 1 9

3 1 0.000 0.99713 1
31 0.91944 2 2 7

4 1 0.000 1.74817 1
41 1.12146 2 2 6

5 1 0.000 1.09081 1
51 1.08611 2 1 9

6 1 0.000 1.17069 1
61 0.86260 2 1 8

7 1 0.000 0.85186 1
71 0.83337 2 5 6

8 1 0.000 0.97301 1
81 0.80752 2 2 9

9 1 0.000 2.32747 4
91 0.69720 2 4 7
92 0.71627 2 4 9
93 0.68535 2 2 8
94 0.41949 2 1 9

10 1 0.000 2.61638 5
101 0.73992 2 5 8
102 0.70144 2 3 7
103 0.74014 2 3 10
104 0.60227 2 4 9
105 1.07988 2 5 7

10
1 1
2 1
3 1
4 1
5 1
6 1
7 1
8 1
9 1
10 1
