0
10

1 1 0.000 2.05133 1
11 1.31906 2 5 7

2 1 0.000 1.24685 4
21 0.52154 2 2 6
22 0.80859 2 3 9
23 0.76229 2 5 8
24 0.65023 2 2 10

3 1 0.000 1.75322 1
31 1.17154 2 5 6

4 1 0.000 1.19395 1
41 0.86696 2 3 6

5 1 0.000 1.99554 1
51 1.13544 2 4 6

6 1 0.000 1.19290 1
61 0.91824 2 2 7

7 1 0.000 1.01769 4
71 0.77889 2 4 6
72 0.76042 2 1 10
73 0.97289 2 3 8
74 0.40169 2 2 9

8 1 0.000 2.47475 4
81 0.81784 2 3 6
82 0.66537 2 2 7
83 1.15426 2 4 7
84 0.84968 2 2 6

9 1 0.000 1.10274 1
91 0.74890 2 2 7

10 1 0.000 1.68206 1
101 1.07487 2 1 9

10
1 1
2 1
3 1
4 1
5 1
6 1
7 1
8 1
9 1
10 1
