0
10

1 1 0.000 1.76370 1
11 1.08869 2 3 7

2 1 0.000 2.22495 4
21 0.91254 2 5 9
22 1.00530 2 3 6
23 0.77330 2 2 10
24 0.99702 2 4 9

3 1 0.000 2.95232 4
31 0.54296 2 3 6
32 0.74826 2 2 6
33 0.51031 2 2 7
34 0.97420 2 5 7

4 1 0.000 0.97631 1
41 0.63870 2 2 8

5 1 0.000 1.48553 1
51 0.79662 2 4 8

6 1 0.000 2.64532 4
61 0.99318 2 1 8
62 0.55801 2 5 9
63 0.77296 2 2 10
64 0.86060 2 1 7

7 1 0.000 1.92626 4
71 0.70474 2 3 8
72 0.98954 2 5 8
73 1.12589 2 2 7
74 0.74911 2 4 7

8 1 0.000 2.39983 5
81 0.73895 2 5 6
82 0.80655 2 1 10
83 1.09399 2 2 6
84 0.55702 2 5 10
85 0.52660 2 3 9

9 1 0.000 1.59211 1
91 1.14555 2 2 8

10 1 0.000 2.07415 4
101 1.16059 2 4 9
102 0.92193 2 1 8
103 1.06923 2 5 6
104 0.79682 2 4 8

10
1 1
2 1
3 1
4 1
5 1
6 1
7 1
8 1
9 1
10 1
