0
10

1 1 0.000 1.91514 1
11 1.40642 2 2 9

2 1 0.000 3.70681 4
21 0.72196 2 4 10
22 0.96153 2 3 9
23 1.00750 2 3 7
24 0.82552 2 2 10

3 1 0.000 1.81437 4
31 0.55943 2 4 6
32 0.73592 2 2 10
33 0.43228 2 5 9
34 0.85142 2 3 10

4 1 0.000 1.86209 1
41 1.59111 2 5 6

5 1 0.000 1.40769 1
51 0.83028 2 4 9

6 1 0.000 1.42343 1
61 1.32432 2 4 10

7 1 0.000 1.53241 1
71 0.86700 2 3 7

8 1 0.000 2.16627 1
81 1.12901 2 2 6

9 1 0.000 2.02161 1
91 1.12492 2 2 9

10 1 0.000 2.10752 5
101 0.99214 2 3 10
102 0.73003 2 3 9
103 1.25548 2 5 9
104 0.91789 2 4 8
105 1.01787 2 1 8

10
1 1
2 1
3 1
4 1
5 1
6 1
7 1
8 1
9 1
10 1
