0
10

1 1 0.000 1.25321 1
11 1.00247 2 2 9

2 1 0.000 3.59984 5
21 0.95948 2 2 7
22 0.83634 2 2 6
23 0.52572 2 3 9
24 0.99083 2 3 6
25 0.51954 2 5 9

3 1 0.000 1.20505 1
31 0.92568 2 3 9

4 1 0.000 1.54347 4
41 0.73761 2 2 8
42 0.69867 2 2 7
43 0.51259 2 1 8
44 0.64735 2 3 10

5 1 0.000 3.75619 4
51 0.87031 2 1 10
52 0.71776 2 3 8
53 0.89221 2 1 6
54 1.01453 2 5 10

6 1 0.000 1.17343 1
61 1.04578 2 2 7

7 1 0.000 1.44464 1
71 0.79389 2 2 9

8 1 0.000 1.87730 1
81 1.05362 2 3 8

9 1 0.000 0.92505 1
91 0.68718 2 5 9

10 1 0.000 2.79524 1
101 1.43842 2 3 7

10
1 1
2 1
3 1
4 1
5 1
6 1
7 1
8 1
9 1
10 1
