0
10

1 1 0.000 1.21062 1
11 0.92198 2 1 10

2 1 0.000 2.41300 4
21 0.48426 2 5 7
22 0.90328 2 2 7
23 0.85937 2 1 6
24 0.57343 2 2 9

3 1 0.000 1.65766 1
31 1.07612 2 1 6

4 1 0.000 2.20269 4
41 0.84891 2 3 10
42 0.84966 2 3 9
43 0.34884 2 4 8
44 0.83995 2 5 6

5 1 0.000 2.63949 4
51 0.88241 2 3 7
52 1.08418 2 5 10
53 0.83095 2 5 7
54 0.66288 2 4 7

6 1 0.000 0.89170 1
61 0.67932 2 1 7

7 1 0.000 1.49196 1
71 1.02401 2 5 7

8 1 0.000 2.65657 4
81 1.05255 2 4 10
82 0.76122 2 5 8
83 0.54881 2 4 7
84 0.56704 2 2 7

9 1 0.000 1.81812 1
91 1.44956 2 5 10

10 1 0.000 1.52470 1
101 0.92907 2 4 9

10
1 1
2 1
3 1
4 1
5 1
6 1
7 1
8 1
9 1
10 1
