0
10

1 1 0.000 1.31771 1
11 1.01305 2 5 6

2 1 0.000 2.50317 4
21 0.69599 2 4 8
22 0.79693 2 4 6
23 1.03086 2 3 8
24 0.71566 2 3 9

3 1 0.000 1.83227 5
31 1.05179 2 5 7
32 0.42975 2 2 8
33 0.58394 2 5 6
34 0.81378 2 2 10
35 1.00727 2 3 8

4 1 0.000 1.28987 1
41 0.82901 2 2 6

5 1 0.000 3.23555 5
51 0.76812 2 1 9
52 1.13957 2 4 7
53 0.86378 2 3 6
54 1.11630 2 5 10
55 0.80924 2 4 9

6 1 0.000 3.01425 4
61 0.69391 2 4 8
62 0.85809 2 3 6
63 0.73109 2 5 7
64 0.83455 2 2 6

7 1 0.000 1.02504 1
71 0.96417 2 3 6

8 1 0.000 1.95495 5
81 1.04981 2 1 7
82 0.56877 2 2 6
83 0.79019 2 2 8
84 1.16023 2 4 10
85 0.64351 2 3 9

9 1 0.000 1.50328 1
91 1.13049 2 3 6

10 1 0.000 3.08177 4
101 0.95891 2 3 8
102 0.72650 2 3 9
103 0.81929 2 3 10
104 0.46041 2 1 6

10
1 1
2 1
3 1
4 1
5 1
6 1
7 1
8 1
9 1
10 1
