0
10

1 1 0.000 1.64279 1
11 0.82457 2 2 6

2 1 0.000 2.48552 4
21 0.73243 2 3 8
22 1.01339 2 3 7
23 0.72022 2 5 10
24 0.69856 2 4 7

3 1 0.000 0.79786 1
31 0.73872 2 3 10

4 1 0.000 1.08472 4
41 0.79604 2 3 7
42 0.60864 2 5 10
43 0.40718 2 2 8
44 0.93190 2 4 6

5 1 0.000 1.09407 1
51 0.93634 2 2 8

6 1 0.000 3.29502 4
61 0.72307 2 5 6
62 0.78581 2 3 10
63 0.58360 2 3 7
64 1.09800 2 5 7

7 1 0.000 1.48595 1
71 1.03242 2 5 8

8 1 0.000 1.12082 1
81 1.09165 2 1 9

9 1 0.000 2.04960 5
91 0.46706 2 4 10
92 0.74797 2 3 10
93 1.01198 2 4 7
94 0.55736 2 3 9
95 0.74527 2 1 6

10 1 0.000 1.64506 4
101 0.95902 2 5 7
102 0.79724 2 2 10
103 0.42691 2 4 10
104 0.62570 2 2 9

10
1 1
2 1
3 1
4 1
5 1
6 1
7 1
8 1
9 1
10 1
