0
10

1 1 0.000 1.84360 1
11 1.08414 2 4 7

2 1 0.000 3.77493 5
21 1.29227 2 5 10
22 0.97611 2 4 9
23 0.45431 2 1 9
24 0.64434 2 5 6
25 0.58142 2 3 8

3 1 0.000 2.13529 4
31 0.86738 2 3 8
32 0.83870 2 1 9
33 0.79002 2 4 10
34 0.60490 2 2 8

4 1 0.000 2.39024 1
41 1.26167 2 1 8

5 1 0.000 2.10513 1
51 1.19766 2 1 9

6 1 0.000 1.74664 1
61 0.96798 2 4 7

7 1 0.000 2.84734 1
71 1.49059 2 5 8

8 1 0.000 0.97881 1
81 0.85014 2 3 6

9 1 0.000 2.40068 4
91 0.69206 2 4 9
92 0.66264 2 3 7
93 1.02271 2 4 7
94 0.52466 2 3 10

10 1 0.000 2.00687 1
101 1.09487 2 1 9

10
1 1
2 1
3 1
4 1
5 1
6 1
7 1
8 1
9 1
10 1
