0
10

1 1 0.000 1.96299 1
11 1.03455 2 5 6

2 1 0.000 4.25488 4
21 0.74871 2 5 10
22 0.47440 2 4 7
23 1.05516 2 3 10
24 0.74434 2 1 10

3 1 0.000 2.58827 4
31 0.82820 2 5 10
32 0.69803 2 3 9
33 0.78749 2 2 7
34 0.76984 2 4 10

4 1 0.000 4.41702 5
41 0.99684 2 1 7
42 0.95140 2 1 6
43 0.47424 2 5 10
44 0.47859 2 3 10
45 0.62697 2 1 8

5 1 0.000 2.11036 1
51 1.13006 2 1 10

6 1 0.000 1.08857 1
61 0.86738 2 5 6

7 1 0.000 0.73299 1
71 0.64152 2 3 6

8 1 0.000 2.68335 5
81 0.76109 2 1 8
82 0.63483 2 3 6
83 0.69298 2 1 9
84 0.87048 2 3 10
85 0.65835 2 5 9

9 1 0.000 0.97530 1
91 0.71595 2 1 6

10 1 0.000 6.24453 5
101 0.51023 2 5 7
102 0.85221 2 4 6
103 1.28570 2 3 6
104 1.18182 2 1 6
105 1.05732 2 2 9

10
1 1
2 1
3 1
4 1
5 1
6 1
7 1
8 1
9 1
10 1
