0
10

1 1 0.000 0.98418 1
11 0.79268 2 2 7

2 1 0.000 3.49343 5
21 0.88359 2 4 7
22 0.77934 2 2 7
23 0.69146 2 4 6
24 0.87925 2 5 7
25 0.86547 2 2 8

3 1 0.000 1.66684 1
31 1.11768 2 3 6

4 1 0.000 2.16414 1
41 1.25352 2 5 7

5 1 0.000 1.65013 1
51 0.99492 2 1 7

6 1 0.000 1.92090 4
61 0.85746 2 4 7
62 0.68776 2 4 10
63 0.66900 2 3 9
64 0.56363 2 2 9

7 1 0.000 1.78453 1
71 1.20612 2 5 9

8 1 0.000 2.41974 5
81 0.50402 2 1 10
82 0.76827 2 5 9
83 0.93710 2 1 9
84 0.77367 2 2 10
85 1.02037 2 3 8

9 1 0.000 3.23245 4
91 1.01896 2 3 10
92 0.88299 2 1 9
93 0.73119 2 3 6
94 0.61157 2 1 8

10 1 0.000 1.66625 5
101 0.78987 2 2 10
102 0.70067 2 5 8
103 0.71058 2 5 9
104 0.62614 2 1 10
105 0.65799 2 1 7

10
1 1
2 1
3 1
4 1
5 1
6 1
7 1
8 1
9 1
10 1
