0
10

1 1 0.000 2.12514 1
11 1.18536 2 4 10

2 1 0.000 2.26811 5
21 0.65152 2 1 9
22 0.75364 2 4 7
23 0.97009 2 4 6
24 0.33222 2 5 8
25 0.75737 2 3 8

3 1 0.000 2.82262 4
31 0.95717 2 1 10
32 1.14177 2 2 6
33 0.86582 2 1 6
34 0.66585 2 1 8

4 1 0.000 1.89768 1
41 1.17108 2 5 6

5 1 0.000 1.65282 1
51 1.04378 2 1 10

6 1 0.000 4.03758 5
61 1.02079 2 3 10
62 0.91776 2 5 9
63 0.48647 2 3 8
64 1.08730 2 1 7
65 0.96344 2 1 10

7 1 0.000 2.13966 1
71 1.12264 2 2 9

8 1 0.000 1.33633 1
81 1.00437 2 1 6

9 1 0.000 2.04173 5
91 0.70378 2 1 7
92 0.76624 2 4 7
93 0.79825 2 3 9
94 0.70644 2 2 8
95 0.40499 2 3 10

10 1 0.000 1.85842 5
101 0.73883 2 5 7
102 0.45437 2 3 9
103 0.55419 2 4 6
104 1.04306 2 1 10
105 0.54660 2 3 10

10
1 1
2 1
3 1
4 1
5 1
6 1
7 1
8 1
9 1
10 1
