0
10

1 1 0.000 1.49653 1
11 1.16316 2 5 9

2 1 0.000 2.33387 5
21 0.78052 2 3 10
22 0.89471 2 1 7
23 0.75447 2 1 10
24 0.45345 2 4 9
25 0.54552 2 5 6

3 1 0.000 1.85438 1
31 1.44673 2 4 7

4 1 0.000 2.41802 1
41 1.32492 2 4 10

5 1 0.000 2.07059 4
51 0.66029 2 3 8
52 0.71549 2 3 6
53 0.57300 2 2 10
54 0.90424 2 1 9

6 1 0.000 1.44945 1
61 1.07934 2 4 10

7 1 0.000 1.99385 1
71 1.00805 2 4 8

8 1 0.000 2.11137 5
81 1.00579 2 2 10
82 1.06459 2 1 6
83 1.03402 2 4 8
84 0.86161 2 1 9
85 0.60404 2 5 7

9 1 0.000 2.79399 5
91 0.61856 2 5 8
92 0.76396 2 4 9
93 0.94911 2 5 7
94 0.53449 2 2 8
95 1.03586 2 5 6

10 1 0.000 3.13925 4
101 0.71997 2 5 9
102 0.88912 2 4 9
103 0.47669 2 2 9
104 0.55571 2 3 10

10
1 1
2 1
3 1
4 1
5 1
6 1
7 1
8 1
9 1
10 1
