0
10

1 1 0.000 1.59226 1
11 1.06625 2 4 9

2 1 0.000 4.21580 4
21 0.73160 2 1 9
22 0.73007 2 3 8
23 0.65175 2 1 10
24 1.42010 2 4 9

3 1 0.000 1.34545 1
31 1.16110 2 2 10

4 1 0.000 1.36174 1
41 1.31448 2 5 6

5 1 0.000 1.03073 1
51 0.73284 2 1 7

6 1 0.000 2.64569 4
61 0.80907 2 2 8
62 1.14026 2 5 8
63 0.82999 2 5 9
64 1.04102 2 3 10

7 1 0.000 1.34691 1
71 1.05572 2 4 9

8 1 0.000 3.55223 5
81 1.05688 2 4 10
82 0.86762 2 2 7
83 0.99153 2 3 7
84 0.68827 2 3 8
85 0.57891 2 3 6

9 1 0.000 1.40636 1
91 0.84242 2 3 8

10 1 0.000 2.74171 4
101 0.83024 2 2 7
102 0.85353 2 5 10
103 0.72328 2 3 9
104 0.60949 2 2 6

10
1 1
2 1
3 1
4 1
5 1
6 1
7 1
8 1
9 1
10 1
