0
10

1 1 0.000 0.91699 1
11 0.85851 2 1 8

2 1 0.000 2.93205 5
21 0.79733 2 1 7
22 0.81400 2 5 6
23 0.78553 2 4 10
24 0.55729 2 3 10
25 1.16477 2 2 7

3 1 0.000 1.94215 5
31 1.10695 2 1 6
32 0.53723 2 1 9
33 0.96923 2 3 7
34 0.74918 2 4 7
35 0.78109 2 5 8

4 1 0.000 1.52282 1
41 0.99011 2 2 10

5 1 0.000 3.65063 5
51 0.52495 2 1 6
52 0.74495 2 4 6
53 0.87379 2 4 9
54 1.04859 2 3 6
55 0.77855 2 5 7

6 1 0.000 1.21780 1
61 1.12935 2 3 6

7 1 0.000 1.32792 1
71 0.71884 2 1 8

8 1 0.000 3.03680 4
81 1.11939 2 4 9
82 0.80760 2 5 10
83 0.83259 2 1 8
84 0.57403 2 4 8

9 1 0.000 1.65426 1
91 1.22690 2 3 10

10 1 0.000 3.69665 4
101 0.85878 2 3 6
102 0.81936 2 5 9
103 0.81220 2 2 8
104 1.02135 2 3 8

10
1 1
2 1
3 1
4 1
5 1
6 1
7 1
8 1
9 1
10 1
