0
10

1 1 0.000 1.11922 1
11 0.83641 2 4 10

2 1 0.000 3.32423 4
21 0.58894 2 3 10
22 1.07934 2 2 9
23 1.07198 2 2 10
24 0.44979 2 5 6

3 1 0.000 2.63367 4
31 0.60689 2 2 7
32 0.98185 2 3 8
33 1.14601 2 2 10
34 0.43458 2 2 6

4 1 0.000 1.05719 1
41 1.00081 2 2 7

5 1 0.000 3.59332 4
51 0.81715 2 1 9
52 0.86876 2 2 7
53 1.03504 2 4 8
54 1.33147 2 5 8

6 1 0.000 2.51722 5
61 0.54639 2 3 7
62 0.68140 2 3 8
63 0.60526 2 3 10
64 0.80372 2 4 6
65 1.06350 2 2 9

7 1 0.000 4.01878 5
71 1.19397 2 3 9
72 0.72391 2 3 7
73 0.88195 2 4 9
74 0.98375 2 5 10
75 0.71276 2 1 10

8 1 0.000 1.73650 4
81 0.48593 2 5 9
82 1.07184 2 2 10
83 0.55955 2 5 10
84 0.41967 2 4 7

9 1 0.000 2.03614 4
91 0.85113 2 5 10
92 0.78831 2 1 8
93 0.77317 2 4 6
94 0.69155 2 1 10

10 1 0.000 2.24811 4
101 0.69272 2 1 6
102 1.12008 2 4 9
103 0.65309 2 1 8
104 0.40145 2 4 10

10
1 1
2 1
3 1
4 1
5 1
6 1
7 1
8 1
9 1
10 1
