0
10

1 1 0.000 1.70901 1
11 0.90421 2 5 10

2 1 0.000 3.92136 5
21 0.77612 2 5 9
22 0.85401 2 1 10
23 0.89018 2 3 6
24 0.26170 2 4 10
25 1.15246 2 1 9

3 1 0.000 3.43922 4
31 1.09074 2 1 10
32 0.95022 2 2 9
33 0.98106 2 1 9
34 1.00239 2 5 9

4 1 0.000 2.39954 5
41 1.05864 2 3 7
42 0.63341 2 5 6
43 0.65487 2 5 9
44 0.89462 2 3 9
45 0.48817 2 2 10

5 1 0.000 3.22289 4
51 0.96285 2 5 9
52 0.87649 2 1 10
53 0.99636 2 4 10
54 0.80542 2 5 10

6 1 0.000 2.38824 1
61 1.19969 2 2 8

7 1 0.000 3.65816 5
71 0.77664 2 1 7
72 0.79099 2 1 8
73 1.07767 2 4 7
74 0.74272 2 5 10
75 1.02297 2 2 8

8 1 0.000 2.86105 5
81 0.41184 2 5 9
82 0.69740 2 1 7
83 0.64545 2 5 8
84 1.02567 2 2 9
85 1.13755 2 3 7

9 1 0.000 2.40127 4
91 0.95707 2 5 10
92 0.94713 2 3 10
93 0.69168 2 5 8
94 0.56553 2 1 8

10 1 0.000 4.78858 4
101 1.20307 2 1 8
102 0.76073 2 1 10
103 0.63559 2 1 6
104 1.10939 2 3 6

10
1 1
2 1
3 1
4 1
5 1
6 1
7 1
8 1
9 1
10 1
