1
10

1 1 0.000 12.60521 7
11 1.00000 2 7 19
12 1.00000 2 6 19
13 1.00000 2 2 19
14 1.00000 2 10 19
15 1.00000 2 8 19
16 1.00000 2 5 19
17 1.00000 2 9 19

2 1 0.000 94.47656 2
21 24.00000 2 2 18
22 24.00000 2 7 18

3 1 0.000 1.31342 1
31 1.00000 2 2 15

4 1 0.000 1.69232 1
41 1.00000 2 8 14

5 1 0.000 3.75278 2
51 1.00000 2 7 14
52 1.00000 2 4 14

6 1 0.000 13.26225 7
61 1.00000 2 9 15
62 1.00000 2 10 15
63 1.00000 2 1 15
64 1.00000 2 6 15
65 1.00000 2 9 15
66 1.00000 2 8 15
67 1.00000 2 8 15

7 1 0.000 1.08504 1
71 1.00000 2 7 18

8 1 0.000 1.03905 1
81 1.00000 2 1 18

9 1 0.000 49.13288 2
91 21.00000 2 8 20
92 21.00000 2 5 20

10 1 0.000 1.87814 1
101 1.00000 2 2 13

20
1 1
2 1
3 1
4 1
5 1
6 1
7 1
8 1
9 1
10 1
11 1
12 1
13 1
14 1
15 1
16 1
17 1
18 1
19 1
20 1
